CACGA 0.009316 0.006656 0.025259 0.041231 0.958769
AGCTC 0.012897 0.011342 0.024032 0.048270 0.951730
ACCTC 0.013199 0.021233 0.034514 0.068946 0.931054
CACGC 0.003456 0.008641 0.015361 0.027458 0.972542
CACCC 0.009566 0.067921 0.041773 0.119260 0.880740
GACAG 0.008747 0.008488 0.023394 0.040629 0.959371
ACCTG 0.011432 0.009072 0.038577 0.059081 0.940919
AGCTG 0.010023 0.002703 0.026050 0.038776 0.961224
CACGG 0.011547 0.037089 0.065430 0.114066 0.885934
CACCG 0.016411 0.015646 0.058206 0.090263 0.909737
GACAT 0.004170 0.008504 0.022693 0.035366 0.964634
GCGTA 0.006691 0.008189 0.022898 0.037778 0.962222
AGCTT 0.002605 0.041679 0.051180 0.095464 0.904536
ACCTT 0.007279 0.055505 0.069912 0.132696 0.867304
GCGTC 0.005469 0.005668 0.018347 0.029485 0.970515
CACGT 0.006143 0.015187 0.036510 0.057841 0.942159
CACCT 0.019330 0.016753 0.037801 0.073883 0.926117
ATTTA 0.045455 0.000659 0.030962 0.077075 0.922925
GCGTG 0.006479 0.032943 0.039043 0.078465 0.921535
AAGGA 0.017016 0.003272 0.026832 0.047120 0.952880
AAGCA 0.012339 0.008833 0.030006 0.051178 0.948822
ATTTG 0.045775 0.007971 0.060806 0.114552 0.885448
AAGGC 0.008224 0.004110 0.032085 0.044419 0.955581
TACAA 0.003930 0.011661 0.036856 0.052447 0.947553
AAGCC 0.012200 0.021618 0.043450 0.077269 0.922731
TACAC 0.013719 0.052773 0.033138 0.099629 0.900371
CCATA 0.005332 0.008912 0.048370 0.062614 0.937386
AAGGG 0.004908 0.049080 0.044785 0.098773 0.901227
CCATC 0.003710 0.006565 0.027194 0.037469 0.962531
TACAG 0.007963 0.012171 0.027061 0.047194 0.952806
GCGTT 0.003080 0.003422 0.021561 0.028063 0.971937
CCATG 0.008470 0.006323 0.069092 0.083884 0.916116
AAAAA 0.003196 0.161273 0.078364 0.242833 0.757167
TTGGA 0.003470 0.006246 0.025677 0.035392 0.964608
AAAAC 0.044561 0.001537 0.031039 0.077136 0.922864
TTGCA 0.013057 0.008704 0.059257 0.081018 0.918982
ATTTT 0.009486 0.036889 0.025717 0.072091 0.927909
TTGGC 0.011563 0.003357 0.031705 0.046624 0.953376
TTGCC 0.019161 0.024895 0.077820 0.121876 0.878124
AAGGT 0.009193 0.007150 0.031154 0.047497 0.952503
TACAT 0.005096 0.004656 0.015289 0.025041 0.974959
CCATT 0.006220 0.004757 0.038053 0.049030 0.950970
GGCAA 0.005913 0.014637 0.030442 0.050993 0.949007
TTAAA 0.000320 0.000320 0.016640 0.017280 0.982720
GGCAC 0.005107 0.008241 0.019153 0.032501 0.967499
TTAAC 0.007234 0.004989 0.044650 0.056872 0.943128
CGCGA 0.010541 0.004591 0.016780 0.031913 0.968087
CGCCA 0.005950 0.007338 0.028957 0.042245 0.957755
CGCGC 0.006019 0.021541 0.018740 0.046300 0.953700
GGCAG 0.007059 0.005882 0.024706 0.037647 0.962353
AAAAT 0.021464 0.009906 0.059989 0.091359 0.908641
CGCCC 0.019876 0.055067 0.055393 0.130336 0.869664
CGCGG 0.008373 0.043062 0.023923 0.075359 0.924641
TTGCT 0.012796 0.010469 0.061652 0.084917 0.915083
CGCCG 0.012949 0.009841 0.041657 0.064447 0.935553
GGCAT 0.005498 0.004887 0.024435 0.034820 0.965180
GAGTA 0.006496 0.004904 0.031907 0.043307 0.956693
CGCGT 0.010650 0.005012 0.033534 0.049196 0.950804
GAGTC 0.003507 0.003977 0.025693 0.033177 0.966823
CGCCT 0.007695 0.011246 0.042320 0.061261 0.938739
GAGTG 0.004940 0.011102 0.038435 0.054477 0.945523
GTCAA 0.017631 0.013032 0.026830 0.057493 0.942507
GTCAC 0.007310 0.013683 0.028881 0.049873 0.950127
AGGGA 0.017086 0.003262 0.032619 0.052967 0.947033
CTCGA 0.012955 0.008602 0.025888 0.047446 0.952554
ACGGA 0.021444 0.050155 0.047421 0.119020 0.880980
AGGCA 0.006692 0.009576 0.035684 0.051952 0.948048
ACGCA 0.009166 0.010573 0.037846 0.057585 0.942415
AGGGC 0.022600 0.003735 0.026258 0.052592 0.947408
TGCAA 0.006946 0.024112 0.044550 0.075608 0.924392
CTCGC 0.005871 0.010187 0.023499 0.039556 0.960444
ACGCC 0.007113 0.007862 0.055036 0.070011 0.929989
GTCAG 0.008452 0.011346 0.032760 0.052557 0.947443
AGGCC 0.006822 0.013488 0.062713 0.083023 0.916977
CAATA 0.006567 0.016119 0.058507 0.081194 0.918806
TCCAC 0.005943 0.005282 0.029383 0.040607 0.959393
TGCAC 0.051598 0.015107 0.047995 0.114701 0.885299
CCTTA 0.013640 0.005384 0.033740 0.052764 0.947236
ACGGG 0.004041 0.067829 0.029919 0.101789 0.898211
CTCGG 0.009891 0.044613 0.038931 0.093434 0.906566
CAATC 0.001236 0.004736 0.016989 0.022961 0.977039
AGGCG 0.011232 0.008757 0.028552 0.048540 0.951460
CTCCG 0.023423 0.004054 0.031081 0.058559 0.941441
ACGCG 0.011421 0.059148 0.031654 0.102223 0.897777
CCTTC 0.019872 0.051322 0.050383 0.121577 0.878423
TCCAG 0.008570 0.021753 0.028345 0.058668 0.941332
TGCAG 0.009108 0.005933 0.025233 0.040274 0.959726
GAGTT 0.005128 0.005457 0.036160 0.046746 0.953254
ACAAA 0.003285 0.031863 0.039832 0.074980 0.925020
AGAAA 0.001900 0.026601 0.034201 0.062703 0.937297
CCTTG 0.028422 0.004862 0.034779 0.068063 0.931937
AATAA 0.010846 0.036334 0.044062 0.091242 0.908758
ACAAC 0.006953 0.017150 0.027647 0.051750 0.948250
AGAAC 0.010274 0.002086 0.020454 0.032815 0.967185
AATAC 0.005504 0.006397 0.024249 0.036150 0.963850
GTCAT 0.007051 0.006710 0.027901 0.041662 0.958338
ACAAG 0.018900 0.005251 0.029115 0.053266 0.946734
AGAAG 0.005016 0.008748 0.023212 0.036977 0.963023
AATAG 0.010383 0.011600 0.026662 0.048646 0.951354
AGGGT 0.022214 0.011465 0.057685 0.091365 0.908635
CTCGT 0.009467 0.007891 0.032837 0.050195 0.949805
ACGCT 0.010969 0.015679 0.056214 0.082862 0.917138
AGGCT 0.003659 0.009756 0.066463 0.079878 0.920122
CTCCT 0.025601 0.007901 0.042984 0.076485 0.923515
TCCAT 0.004846 0.005727 0.025551 0.036123 0.963877
TGCAT 0.005534 0.005671 0.038093 0.049297 0.950703
TAGTA 0.006311 0.006335 0.026559 0.039205 0.960795
CAATT 0.003902 0.029266 0.036360 0.069528 0.930472
TAGTC 0.003978 0.010987 0.018786 0.033752 0.966248
CCTTT 0.001358 0.046520 0.050255 0.098132 0.901868
TTTAA 0.000649 0.007134 0.013619 0.021401 0.978599
TTTAC 0.000676 0.014189 0.028378 0.043243 0.956757
TAGTG 0.008099 0.016587 0.032140 0.056827 0.943173
ACAAT 0.008084 0.023145 0.038427 0.069657 0.930343
AGAAT 0.005843 0.003758 0.035469 0.045069 0.954931
AATAT 0.005155 0.007732 0.046392 0.059278 0.940722
TTTAG 0.010373 0.010719 0.038728 0.059820 0.940180
TAGTT 0.003461 0.003734 0.020811 0.028005 0.971995
TTTAT 0.004752 0.006095 0.035640 0.046488 0.953512
GGGTC 0.001632 0.000979 0.024812 0.027424 0.972576
GGGTG 0.013373 0.002006 0.031428 0.046807 0.953193
ATCTA 0.011661 0.012545 0.056447 0.080653 0.919347
ATCTC 0.011340 0.027088 0.024734 0.063162 0.936838
CGATA 0.007289 0.005605 0.041739 0.054633 0.945367
CATTA 0.008535 0.010925 0.055764 0.075225 0.924775
ATCTG 0.008890 0.002657 0.037144 0.048691 0.951309
CGATC 0.002099 0.007075 0.015368 0.024541 0.975459
CATTC 0.011449 0.010589 0.025127 0.047165 0.952835
CGATG 0.002712 0.005527 0.016185 0.024424 0.975576
AGTAA 0.002990 0.002392 0.017344 0.022727 0.977273
ACTAA 0.005208 0.019531 0.030397 0.055136 0.944864
ACTAC 0.004535 0.010078 0.030528 0.045141 0.954859
AGTAC 0.004965 0.010270 0.031048 0.046283 0.953717
GTGTA 0.010289 0.011457 0.045203 0.066949 0.933051
AGTAG 0.007354 0.018590 0.026442 0.052385 0.947615
ACTAG 0.009541 0.008199 0.025744 0.043484 0.956516
GTGTC 0.008527 0.014594 0.041200 0.064321 0.935679
TGGTA 0.006734 0.004040 0.014141 0.024916 0.975084
TCGTA 0.012608 0.011120 0.049711 0.073439 0.926561
CGATT 0.003648 0.014310 0.037598 0.055556 0.944444
GTGTG 0.007815 0.064442 0.040276 0.112532 0.887468
CATTT 0.013484 0.051503 0.038462 0.103448 0.896552
TCGTC 0.003640 0.004966 0.022346 0.030952 0.969048
TGGTC 0.007533 0.007533 0.052103 0.067169 0.932831
TCGTG 0.010048 0.016603 0.031254 0.057905 0.942095
CTATA 0.006783 0.010782 0.062057 0.079621 0.920379
AGTAT 0.007660 0.008109 0.023992 0.039760 0.960240
ACTAT 0.004089 0.005382 0.014594 0.024065 0.975935
CTATC 0.003274 0.006126 0.020201 0.029601 0.970399
GTGTT 0.004190 0.032821 0.045740 0.082751 0.917249
CTATG 0.012693 0.009382 0.038079 0.060155 0.939845
TCGTT 0.004060 0.009023 0.049173 0.062256 0.937744
CTATT 0.005284 0.005614 0.035337 0.046235 0.953765
CGTTC 0.008849 0.003473 0.032501 0.044823 0.955177
CCCTA 0.018301 0.002072 0.080110 0.100483 0.899517
CCCTC 0.003730 0.026327 0.016893 0.046950 0.953050
CCCTG 0.007759 0.005897 0.041744 0.055400 0.944600
AACAA 0.003049 0.012159 0.030943 0.046152 0.953848
AACAC 0.005617 0.010775 0.027166 0.043558 0.956442
AACAG 0.006551 0.023754 0.026129 0.056434 0.943566
CGTTT 0.001980 0.014191 0.030033 0.046205 0.953795
ATGGA 0.009385 0.003080 0.016147 0.028613 0.971387
ATGCA 0.007366 0.036297 0.042931 0.086594 0.913406
CCCTT 0.003192 0.015504 0.043776 0.062472 0.937528
TTCAA 0.004140 0.025034 0.031581 0.060755 0.939245
ATGCC 0.005341 0.011711 0.064031 0.081083 0.918917
TTCAC 0.008631 0.017879 0.053792 0.080302 0.919698
CTTTA 0.020386 0.005825 0.019658 0.045868 0.954132
CTTTC 0.031315 0.005567 0.016006 0.052888 0.947112
ATGCG 0.011971 0.012018 0.035891 0.059881 0.940119
AACAT 0.005807 0.007533 0.028390 0.041730 0.958270
TTCAG 0.007734 0.006328 0.018983 0.033044 0.966956
ATAAA 0.005258 0.014196 0.028917 0.048370 0.951630
CTTTG 0.034800 0.005976 0.061213 0.101989 0.898011
ATAAG 0.016378 0.008389 0.034026 0.058793 0.941207
ATGCT 0.005952 0.014481 0.036692 0.057125 0.942875
TTCAT 0.006740 0.006194 0.026366 0.039301 0.960699
CTTTT 0.001269 0.002221 0.026967 0.030457 0.969543
ATAAT 0.009754 0.004335 0.033237 0.047327 0.952673
CACTA 0.033726 0.007096 0.060346 0.101168 0.898832
CACTC 0.018832 0.040408 0.033701 0.092941 0.907059
CACTG 0.011758 0.005972 0.035443 0.053173 0.946827
ACCAA 0.001229 0.001844 0.013522 0.016595 0.983405
AGCAA 0.002291 0.004009 0.058419 0.064719 0.935281
AGCAC 0.007784 0.006174 0.021535 0.035493 0.964507
ACCAC 0.003667 0.003000 0.041333 0.048000 0.952000
ACCAG 0.006832 0.007303 0.029920 0.044055 0.955945
AGCAG 0.006759 0.008548 0.027190 0.042497 0.957503
CACTT 0.011039 0.028571 0.029545 0.069156 0.930844
GCGAA 0.006286 0.019988 0.021021 0.047294 0.952706
AGCAT 0.003320 0.003568 0.032364 0.039253 0.960747
ACCAT 0.006666 0.005826 0.040301 0.052792 0.947208
AAGTA 0.010009 0.030264 0.024023 0.064296 0.935704
GCGAC 0.004962 0.007174 0.031311 0.043447 0.956553
CCGGA 0.005513 0.002068 0.010338 0.017919 0.982081
AAGTC 0.003074 0.017675 0.021902 0.042651 0.957349
ATTAA 0.003243 0.001801 0.037110 0.042155 0.957845
GCGAG 0.007194 0.033180 0.025676 0.066051 0.933949
ATTAC 0.004054 0.004955 0.025225 0.034234 0.965766
AAGTG 0.010401 0.025854 0.045319 0.081575 0.918425
GCAGA 0.010859 0.017960 0.024711 0.053530 0.946470
GCACA 0.008220 0.019074 0.046289 0.073583 0.926417
CCGGG 0.011152 0.051825 0.037657 0.100634 0.899366
CCGCG 0.011912 0.041836 0.047647 0.101395 0.898605
GCAGC 0.006552 0.010631 0.033018 0.050201 0.949799
ATTAG 0.009044 0.009475 0.029931 0.048450 0.951550
GCACC 0.009267 0.022746 0.071188 0.103201 0.896799
GCAGG 0.008521 0.018259 0.011564 0.038344 0.961656
GCACG 0.011594 0.007813 0.030569 0.049975 0.950025
TTGTA 0.007697 0.006735 0.050353 0.064785 0.935215
CCAAC 0.005314 0.005961 0.031374 0.042649 0.957351
TTGTC 0.000948 0.004110 0.039519 0.044578 0.955422
GCGAT 0.003993 0.002845 0.017637 0.024475 0.975525
CCAAG 0.013131 0.011403 0.052522 0.077056 0.922944
AAGTT 0.001958 0.003524 0.019577 0.025059 0.974941
TTGTG 0.004240 0.004947 0.056537 0.065724 0.934276
CCGGT 0.005435 0.004831 0.028986 0.039251 0.960749
CCGCT 0.005643 0.014850 0.044550 0.065043 0.934957
GCAGT 0.009302 0.006294 0.031568 0.047163 0.952837
GCACT 0.008599 0.013650 0.050048 0.072298 0.927702
CGCTA 0.016453 0.017847 0.084216 0.118516 0.881484
CGCTC 0.010961 0.010190 0.022960 0.044111 0.955889
CCAAT 0.006813 0.008671 0.040050 0.055533 0.944467
TTGTT 0.008840 0.016206 0.047145 0.072192 0.927808
CGCTG 0.014961 0.003590 0.027447 0.045998 0.954002
CGCTT 0.006581 0.024497 0.041682 0.072761 0.927239
GAGAC 0.007828 0.003198 0.041020 0.052047 0.947953
ACGTA 0.016255 0.005305 0.047477 0.069037 0.930963
CTCTA 0.025670 0.013078 0.074945 0.113693 0.886307
CAGGA 0.015944 0.001962 0.019898 0.037803 0.962197
CAGCA 0.012599 0.007036 0.046229 0.065864 0.934136
AGGTC 0.000700 0.000700 0.042687 0.044087 0.955913
CTCTC 0.011091 0.027264 0.024998 0.063353 0.936647
ACGTC 0.004797 0.005238 0.020939 0.030974 0.969026
CAGGC 0.013024 0.011002 0.032714 0.056740 0.943260
GAGAG 0.005043 0.094541 0.020573 0.120157 0.879843
AGGTG 0.016055 0.009174 0.061353 0.086583 0.913417
ACGTG 0.010164 0.028747 0.034556 0.073467 0.926533
CTCTG 0.013153 0.008930 0.031169 0.053252 0.946748
GAACA 0.009891 0.004568 0.044648 0.059108 0.940892
CAGGG 0.015306 0.095371 0.036753 0.147430 0.852570
GCTGA 0.021042 0.007687 0.019461 0.048190 0.951810
CAGCG 0.014474 0.020032 0.025620 0.060126 0.939874
GAAGC 0.001851 0.005552 0.038865 0.046268 0.953732
GCTCA 0.013798 0.010816 0.049506 0.074120 0.925880
GAACC 0.009005 0.030588 0.047097 0.086690 0.913310
GCTGC 0.006285 0.008997 0.050776 0.066059 0.933941
GAAGG 0.020317 0.020317 0.026032 0.066667 0.933333
CAAAA 0.001788 0.088200 0.029201 0.119190 0.880810
CCTAA 0.004908 0.015951 0.016564 0.037423 0.962577
GAACG 0.007921 0.006741 0.038123 0.052784 0.947216
GCTGG 0.003655 0.025282 0.038989 0.067926 0.932074
CAAAC 0.028698 0.004006 0.033687 0.066391 0.933609
GCTCG 0.019710 0.012645 0.043419 0.075773 0.924227
CCTAC 0.004888 0.012375 0.039309 0.056572 0.943428
GAGAT 0.006623 0.007295 0.023725 0.037643 0.962357
CAAAG 0.018831 0.005195 0.022078 0.046104 0.953896
ACGTT 0.005714 0.008571 0.016571 0.030857 0.969143
AGGTT 0.002176 0.009115 0.035421 0.046713 0.953287
CTCTT 0.007106 0.072246 0.034741 0.114094 0.885906
CCTAG 0.013370 0.012762 0.038134 0.064266 0.935734
CAGGT 0.005170 0.008510 0.069431 0.083111 0.916889
CAGCT 0.007378 0.011000 0.042065 0.060443 0.939557
GAAGT 0.002773 0.018718 0.042865 0.064356 0.935644
GAACT 0.007496 0.038358 0.039705 0.085559 0.914441
GCTGT 0.008964 0.025607 0.034279 0.068851 0.931149
GCTCT 0.008951 0.095835 0.033997 0.138784 0.861216
TAGAA 0.005581 0.003774 0.016446 0.025800 0.974200
TAGAC 0.013300 0.005288 0.029860 0.048449 0.951551
CCTAT 0.001817 0.013018 0.062822 0.077657 0.922343
TAGAG 0.012338 0.016974 0.032808 0.062120 0.937880
TAAGA 0.006473 0.002740 0.028437 0.037650 0.962350
TAACA 0.007212 0.008655 0.031314 0.047181 0.952819
TAACC 0.005698 0.020260 0.031339 0.057297 0.942703
TAAGG 0.011649 0.025896 0.038687 0.076232 0.923768
TAACG 0.019375 0.010700 0.027473 0.057548 0.942452
TAGAT 0.007859 0.005434 0.029253 0.042546 0.957454
GGGAC 0.003343 0.004169 0.048753 0.056265 0.943735
CGGGA 0.012861 0.002868 0.019462 0.035191 0.964809
TAAGT 0.011658 0.041161 0.056626 0.109446 0.890554
CGGGC 0.008560 0.000306 0.029655 0.038520 0.961480
TAACT 0.006006 0.016216 0.071471 0.093694 0.906306
ATCAA 0.005325 0.033373 0.035858 0.074556 0.925444
CGGGG 0.005007 0.124300 0.035346 0.164654 0.835346
GGACA 0.007449 0.015119 0.028066 0.050633 0.949367
GATGA 0.009516 0.008994 0.021518 0.040027 0.959973
GATCA 0.010808 0.009098 0.051431 0.071337 0.928663
GATGC 0.004521 0.009124 0.033532 0.047178 0.952822
ATCAC 0.004826 0.026356 0.023178 0.054360 0.945640
GGACC 0.008694 0.018515 0.052919 0.080128 0.919872
CGAAA 0.004499 0.017995 0.011568 0.034062 0.965938
GGACG 0.007987 0.006593 0.036750 0.051330 0.948670
GATGG 0.005763 0.031147 0.021542 0.058452 0.941548
CATAA 0.006918 0.022844 0.056628 0.086390 0.913610
ATCAG 0.007622 0.015843 0.026694 0.050159 0.949841
CGAAC 0.010001 0.002691 0.029127 0.041819 0.958181
GATCG 0.012144 0.010439 0.040941 0.063524 0.936476
CATAC 0.005775 0.007513 0.024862 0.038151 0.961849
GGGAT 0.002704 0.008402 0.042604 0.053711 0.946289
CGAAG 0.008844 0.001263 0.037271 0.047378 0.952622
CATAG 0.011223 0.008475 0.031149 0.050847 0.949153
CGGGT 0.005878 0.006613 0.019471 0.031962 0.968038
GTGAA 0.003565 0.004153 0.020581 0.028298 0.971702
GGAGT 0.004670 0.029226 0.067490 0.101386 0.898614
GGACT 0.006750 0.014047 0.043746 0.064543 0.935457
GATGT 0.005788 0.039155 0.038733 0.083676 0.916324
ATCAT 0.006063 0.003862 0.031957 0.041882 0.958118
GTGAC 0.011256 0.006321 0.028011 0.045588 0.954412
GATCT 0.009593 0.027861 0.020052 0.057506 0.942494
CTGGA 0.005981 0.041413 0.079102 0.126495 0.873505
CTGCA 0.010976 0.009891 0.049764 0.070631 0.929369
TCGAA 0.004075 0.005109 0.027991 0.037175 0.962825
TGGAA 0.005715 0.009978 0.023976 0.039669 0.960331
CTGGC 0.010774 0.004740 0.030166 0.045680 0.954320
CGAAT 0.009686 0.003259 0.037748 0.050694 0.949306
GTGAG 0.015775 0.023793 0.033404 0.072971 0.927029
CATAT 0.005170 0.026088 0.024670 0.055928 0.944072
TGGAC 0.004456 0.004745 0.032493 0.041694 0.958306
TCGAC 0.007836 0.005667 0.034686 0.048189 0.951811
GTAGA 0.010399 0.008501 0.021668 0.040568 0.959432
GTACA 0.009794 0.008791 0.038626 0.057211 0.942789
CTGGG 0.005909 0.027620 0.042969 0.076498 0.923502
GTAGC 0.006302 0.018678 0.044533 0.069513 0.930487
CTGCG 0.014733 0.006548 0.053585 0.074866 0.925134
GTACC 0.010116 0.027457 0.031503 0.069075 0.930925
TCGAG 0.010569 0.017667 0.030774 0.059009 0.940991
TGGAG 0.003499 0.006998 0.021693 0.032190 0.967810
TGAGA 0.014584 0.005066 0.015966 0.035616 0.964384
TCAGA 0.021059 0.014917 0.020014 0.055990 0.944010
GTAGG 0.016921 0.019118 0.042091 0.078130 0.921870
TATGA 0.022356 0.009125 0.021853 0.053335 0.946665
CTAAA 0.003091 0.001546 0.015971 0.020608 0.979392
TGACA 0.011096 0.007165 0.062135 0.080396 0.919604
TCACA 0.011603 0.014514 0.051104 0.077221 0.922779
TCAGC 0.006162 0.008436 0.032675 0.047273 0.952727
TGAGC 0.011600 0.006512 0.030787 0.048900 0.951100
TATCA 0.016635 0.017654 0.051731 0.086021 0.913979
GTACG 0.012138 0.006219 0.033985 0.052341 0.947659
CTAAC 0.004600 0.004600 0.040828 0.050029 0.949971
TATGC 0.003994 0.010884 0.024607 0.039485 0.960515
TGACC 0.011792 0.005896 0.033737 0.051425 0.948575
TATCC 0.007806 0.040633 0.041033 0.089472 0.910528
TCAGG 0.009725 0.035391 0.039673 0.084788 0.915212
GTGAT 0.004226 0.003426 0.013566 0.021218 0.978782
TATGG 0.005220 0.023782 0.022332 0.051334 0.948666
TGACG 0.006408 0.010472 0.021988 0.038869 0.961131
CTAAG 0.022727 0.009766 0.033771 0.066265 0.933735
TCACG 0.009590 0.007158 0.026339 0.043088 0.956912
TATCG 0.011632 0.006535 0.025754 0.043920 0.956080
CTGGT 0.005384 0.002019 0.034320 0.041723 0.958277
CTGCT 0.008196 0.011624 0.046083 0.065903 0.934097
TGGAT 0.006345 0.002483 0.022897 0.031724 0.968276
TCGAT 0.005578 0.004234 0.017781 0.027593 0.972407
GTAGT 0.007428 0.010091 0.030282 0.047800 0.952200
GTACT 0.006079 0.028290 0.032899 0.067268 0.932732
TCAGT 0.012577 0.009090 0.040193 0.061861 0.938139
TGAGT 0.012453 0.014283 0.041765 0.068502 0.931498
TATGT 0.007147 0.021176 0.043876 0.072199 0.927801
TGACT 0.004890 0.010695 0.048876 0.064461 0.935539
TCACT 0.007081 0.036512 0.045300 0.088894 0.911106
TATCT 0.006927 0.026437 0.034281 0.067645 0.932355
GGTGA 0.020983 0.009592 0.028177 0.058753 0.941247
GGTGC 0.002577 0.001933 0.011598 0.016108 0.983892
GGTCC 0.002549 0.051440 0.075435 0.129424 0.870576
GCCGA 0.009127 0.007946 0.030726 0.047799 0.952201
GCCCA 0.026090 0.009292 0.075411 0.110793 0.889207
GGTGG 0.005441 0.059855 0.052600 0.117896 0.882104
CGTAA 0.005040 0.011016 0.025689 0.041745 0.958255
GGTCG 0.029814 0.001242 0.032298 0.063354 0.936646
CGTAC 0.006314 0.003412 0.035862 0.045588 0.954412
CCCAA 0.004676 0.009804 0.039367 0.053846 0.946154
GCCCG 0.010515 0.001450 0.090283 0.102248 0.897752
CGTAG 0.007266 0.007198 0.033660 0.048123 0.951877
CCCAC 0.004118 0.001716 0.052505 0.058339 0.941661
GGTGT 0.006489 0.007463 0.054186 0.068138 0.931862
GGTCT 0.006028 0.011104 0.064404 0.081536 0.918464
ATGTA 0.009235 0.010923 0.049282 0.069440 0.930560
ATGTC 0.009735 0.007390 0.038766 0.055891 0.944109
GCCGT 0.008057 0.004924 0.054163 0.067144 0.932856
GCCCT 0.018608 0.019667 0.112103 0.150378 0.849622
CGTAT 0.005004 0.005794 0.027165 0.037963 0.962037
ATGTG 0.007827 0.034786 0.029793 0.072406 0.927594
GTTCA 0.016662 0.021930 0.038675 0.077268 0.922732
GTTGC 0.002302 0.003617 0.049984 0.055903 0.944097
GTTCC 0.007829 0.032069 0.094700 0.134598 0.865402
TCTGA 0.017111 0.007378 0.028576 0.053065 0.946935
TGTGA 0.007894 0.008041 0.017754 0.033689 0.966311
GTTGG 0.001912 0.072020 0.026131 0.100064 0.899936
TGTCA 0.011789 0.032976 0.065131 0.109895 0.890105
TCTCA 0.026916 0.018341 0.054973 0.100229 0.899771
GTTCG 0.028394 0.011525 0.057208 0.097126 0.902874
TCTGC 0.007866 0.009208 0.027516 0.044590 0.955410
TGTGC 0.005889 0.011738 0.029555 0.047181 0.952819
TCTCC 0.007530 0.046386 0.032831 0.086747 0.913253
TGTCC 0.009505 0.046922 0.036512 0.092939 0.907061
CTTAC 0.001904 0.002221 0.042513 0.046637 0.953363
TCTGG 0.005357 0.010044 0.025109 0.040509 0.959491
TGTGG 0.006165 0.007068 0.040752 0.053985 0.946015
CTTAG 0.004290 0.005005 0.020496 0.029790 0.970210
TGTCG 0.009788 0.005570 0.034280 0.049638 0.950362
TCTCG 0.019943 0.013295 0.042533 0.075771 0.924229
GTTCT 0.017093 0.024281 0.047225 0.088599 0.911401
TCTGT 0.012678 0.016202 0.048071 0.076952 0.923048
TGTGT 0.010041 0.021879 0.045912 0.077832 0.922168
TCTCT 0.013996 0.064102 0.037864 0.115961 0.884039
TGTCT 0.011532 0.014667 0.045577 0.071776 0.928224
GACGA 0.010312 0.014380 0.027374 0.052067 0.947933
GACCA 0.008825 0.007618 0.055436 0.071879 0.928121
GACGC 0.004811 0.005425 0.016070 0.026305 0.973695
GACCC 0.012543 0.089056 0.157103 0.258702 0.741298
CACAA 0.003530 0.039718 0.028244 0.071492 0.928508
GACGG 0.006890 0.012903 0.017682 0.037475 0.962525
GACCG 0.011485 0.007842 0.038275 0.057602 0.942398
CACAC 0.003928 0.014520 0.030233 0.048681 0.951319
CACAG 0.008158 0.021038 0.025880 0.055077 0.944923
GACGT 0.012024 0.010127 0.052235 0.074386 0.925614
GACCT 0.010274 0.018748 0.051714 0.080737 0.919263
CACAT 0.005322 0.008361 0.031182 0.044865 0.955135
CCGTA 0.010481 0.010925 0.045702 0.067107 0.932893
CCGTC 0.003375 0.004154 0.050363 0.057892 0.942108
GCATA 0.005968 0.006613 0.024570 0.037151 0.962849
CCGTG 0.010685 0.027429 0.038445 0.076559 0.923441
TACGA 0.006652 0.005929 0.019023 0.031604 0.968396
AAGAA 0.002115 0.004614 0.024990 0.031719 0.968281
TACCA 0.011834 0.018320 0.044816 0.074969 0.925031
GCATC 0.002309 0.004417 0.014155 0.020881 0.979119
TACGC 0.004552 0.008020 0.022934 0.035506 0.964494
AAGAC 0.006529 0.003932 0.034489 0.044951 0.955049
GCATG 0.006173 0.009850 0.034051 0.050074 0.949926
TACGG 0.005085 0.013332 0.037246 0.055662 0.944338
TACCG 0.012335 0.005956 0.051704 0.069995 0.930005
AAACA 0.004246 0.006540 0.020720 0.031506 0.968494
AAAGC 0.001911 0.000637 0.025478 0.028025 0.971975
AAACC 0.016098 0.020816 0.077991 0.114904 0.885096
CCGTT 0.004815 0.011771 0.019797 0.036383 0.963617
AAACG 0.009247 0.006032 0.056188 0.071467 0.928533
TTGAC 0.004758 0.009309 0.028548 0.042615 0.957385
GCATT 0.002268 0.004082 0.029025 0.035374 0.964626
TACGT 0.009670 0.012498 0.021100 0.043268 0.956732
AAGAT 0.004133 0.005787 0.020391 0.030311 0.969689
TACCT 0.010047 0.016918 0.057993 0.084959 0.915041
TTAGA 0.013818 0.009913 0.037549 0.061280 0.938720
GGCGA 0.008810 0.004654 0.020861 0.034325 0.965675
TTACA 0.007692 0.009524 0.038278 0.055495 0.944505
GGCCA 0.003531 0.001545 0.029574 0.034650 0.965350
GGCGC 0.002957 0.017057 0.039345 0.059359 0.940641
TTAGC 0.005431 0.006083 0.059744 0.071258 0.928742
TTACC 0.007578 0.017998 0.032839 0.058415 0.941585
AAAGT 0.004364 0.004364 0.021197 0.029925 0.970075
GGCGG 0.005057 0.017699 0.034134 0.056890 0.943110
CGCAA 0.001820 0.003219 0.020297 0.025336 0.974664
TTAGG 0.011396 0.090100 0.072293 0.173789 0.826211
GGCCG 0.008295 0.006694 0.033906 0.048894 0.951106
CGCAC 0.011098 0.005681 0.028317 0.045096 0.954904
CGCAG 0.006688 0.009229 0.028657 0.044574 0.955426
TTAGT 0.018675 0.000602 0.036747 0.056024 0.943976
GGCGT 0.005514 0.005514 0.037145 0.048172 0.951828
GGCCT 0.007561 0.013921 0.050473 0.071956 0.928044
TTACT 0.003947 0.000987 0.050987 0.055921 0.944079
CGCAT 0.006085 0.007112 0.024338 0.037535 0.962465
CAGTA 0.008819 0.009568 0.036028 0.054414 0.945586
GTCGA 0.007964 0.003684 0.015816 0.027464 0.972536
GTCCA 0.011165 0.016200 0.050788 0.078152 0.921848
CAGTC 0.004672 0.009650 0.024150 0.038472 0.961528
GTCGC 0.006393 0.012609 0.034478 0.053480 0.946520
GTCCC 0.001638 0.012809 0.070450 0.084897 0.915103
GAATA 0.006199 0.006359 0.041970 0.054528 0.945472
TCCGA 0.034107 0.005446 0.025222 0.064775 0.935225
TGCGA 0.010946 0.017882 0.021876 0.050704 0.949296
GCTTA 0.010845 0.019447 0.093119 0.123411 0.876589
CAGTG 0.007304 0.016042 0.029042 0.052388 0.947612
AGGAA 0.003125 0.001250 0.015625 0.020000 0.980000
ACGAA 0.004861 0.006494 0.024366 0.035721 0.964279
TGCCA 0.009396 0.006243 0.032507 0.048146 0.951854
GAATC 0.002284 0.006138 0.020411 0.028832 0.971168
CTCAA 0.009082 0.008054 0.062881 0.080016 0.919984
TCCCA 0.011403 0.000691 0.032481 0.044575 0.955425
TCCGC 0.007712 0.003999 0.031705 0.043416 0.956584
GCTTC 0.014849 0.011137 0.029002 0.054988 0.945012
TGCGC 0.006197 0.016824 0.020539 0.043561 0.956439
AGGAC 0.003929 0.003341 0.033676 0.040946 0.959054
CTCAC 0.005759 0.030920 0.034946 0.071624 0.928376
TCCCC 0.002077 0.019480 0.064768 0.086325 0.913675
TGCCC 0.016006 0.052374 0.081742 0.150122 0.849878
ACGAC 0.007006 0.003961 0.030084 0.041051 0.958949
GAATG 0.005346 0.003787 0.040453 0.049586 0.950414
TCCGG 0.006532 0.007185 0.047681 0.061398 0.938602
TGCGG 0.010659 0.027467 0.021317 0.059442 0.940558
GCTTG 0.031203 0.013158 0.064286 0.108647 0.891353
TGCCG 0.012873 0.010002 0.048147 0.071023 0.928977
CTCAG 0.007538 0.009191 0.025188 0.041918 0.958082
ACGAG 0.010879 0.021872 0.035506 0.068257 0.931743
AGAGA 0.008098 0.024530 0.023002 0.055630 0.944370
ACAGA 0.009762 0.009223 0.027369 0.046354 0.953646
ACACA 0.009386 0.026148 0.038550 0.074084 0.925916
AATGA 0.003272 0.010687 0.044057 0.058015 0.941985
AGACA 0.006787 0.006784 0.033792 0.047363 0.952637
ACAGC 0.006444 0.005903 0.025357 0.037705 0.962295
AGAGC 0.007630 0.003820 0.022618 0.034068 0.965932
AATCA 0.009567 0.005381 0.047833 0.062780 0.937220
ACACC 0.004925 0.013615 0.034762 0.053302 0.946698
AATGC 0.003863 0.010348 0.023731 0.037942 0.962058
AGACC 0.006311 0.020822 0.036577 0.063710 0.936290
AATCC 0.006663 0.025782 0.054461 0.086906 0.913094
CAGTT 0.004826 0.009651 0.034892 0.049369 0.950631
GTCGT 0.007877 0.010030 0.048023 0.065930 0.934070
AGAGG 0.017220 0.043665 0.036285 0.097171 0.902829
GTCCT 0.015285 0.011350 0.094431 0.121065 0.878935
ACAGG 0.011018 0.028628 0.074648 0.114294 0.885706
AATGG 0.005759 0.018848 0.040314 0.064921 0.935079
ACACG 0.008940 0.004845 0.029178 0.042964 0.957036
AGACG 0.011027 0.003717 0.021964 0.036707 0.963293
TCCGT 0.010650 0.004721 0.038977 0.054348 0.945652
GCTTT 0.008325 0.029830 0.037461 0.075616 0.924384
TGCGT 0.008084 0.002542 0.017846 0.028472 0.971528
TGCCT 0.007982 0.015963 0.057341 0.081285 0.918715
AGGAT 0.005037 0.002359 0.039943 0.047339 0.952661
CTCAT 0.004792 0.007306 0.029456 0.041554 0.958446
ACGAT 0.003335 0.003214 0.018624 0.025173 0.974827
TTTGA 0.007108 0.004468 0.036962 0.048538 0.951462
TTTCA 0.022615 0.028810 0.048327 0.099752 0.900248
TTTGC 0.003852 0.003704 0.042667 0.050222 0.949778
TTTCC 0.006177 0.002276 0.026983 0.035436 0.964564
AGAGT 0.014395 0.024063 0.030133 0.068590 0.931410
ACAGT 0.008912 0.010785 0.041193 0.060889 0.939111
AGACT 0.008318 0.017342 0.050974 0.076634 0.923366
ACACT 0.013343 0.011742 0.056199 0.081284 0.918716
AATGT 0.004577 0.030803 0.053790 0.089170 0.910830
TAATG 0.004885 0.009072 0.016981 0.030937 0.969063
TTTGT 0.003672 0.007981 0.074373 0.086026 0.913974
CGGTA 0.006932 0.007626 0.048527 0.063085 0.936915
CGGTC 0.004351 0.004972 0.008701 0.018024 0.981976
GGATA 0.007465 0.008152 0.047394 0.063011 0.936989
CGGTG 0.013921 0.008411 0.017401 0.039733 0.960267
GGATC 0.003248 0.005537 0.014950 0.023736 0.976264
GATTC 0.003966 0.010057 0.024646 0.038669 0.961331
GGATG 0.005491 0.002890 0.008382 0.016763 0.983237
ACTGA 0.017727 0.015762 0.027024 0.060513 0.939487
AGTGA 0.009695 0.007663 0.017444 0.034802 0.965198
ACTCA 0.019802 0.008650 0.042430 0.070882 0.929118
AGTCA 0.010280 0.017746 0.047370 0.075395 0.924605
ACTGC 0.005607 0.012376 0.026015 0.043999 0.956001
AGTGC 0.006787 0.013142 0.038665 0.058593 0.941407
CGGTT 0.003429 0.005714 0.029714 0.038857 0.961143
ACTCC 0.007334 0.079495 0.055441 0.142270 0.857730
AGTCC 0.006734 0.000673 0.049158 0.056566 0.943434
AGTGG 0.008363 0.026185 0.046296 0.080844 0.919156
ACTGG 0.003221 0.108924 0.030840 0.142985 0.857015
AGTCG 0.012910 0.007392 0.031139 0.051441 0.948559
ACTCG 0.024461 0.007372 0.044307 0.076140 0.923860
GATTT 0.000631 0.001261 0.007566 0.009458 0.990542
CTGTA 0.011250 0.006470 0.051912 0.069632 0.930368
CTGTC 0.005039 0.008657 0.032135 0.045831 0.954169
GTATA 0.008203 0.014986 0.043238 0.066427 0.933573
CTGTG 0.010862 0.009821 0.030553 0.051236 0.948764
GTATC 0.005905 0.016353 0.037000 0.059258 0.940742
ACTGT 0.011693 0.006772 0.032531 0.050996 0.949004
AGTGT 0.008199 0.013995 0.046294 0.068488 0.931512
AGTCT 0.008149 0.016634 0.047973 0.072756 0.927244
ACTCT 0.012095 0.057234 0.024945 0.094275 0.905725
TCATA 0.012412 0.013973 0.036095 0.062481 0.937519
TGATA 0.007284 0.007536 0.030941 0.045761 0.954239
TATTA 0.004526 0.000970 0.070482 0.075978 0.924022
GTATG 0.006212 0.015400 0.021972 0.043585 0.956415
TGATC 0.004191 0.010340 0.016204 0.030736 0.969264
TCATC 0.003787 0.006864 0.024380 0.035032 0.964968
TGATG 0.003958 0.007922 0.023001 0.034882 0.965118
TCATG 0.006544 0.010603 0.032517 0.049664 0.950336
CTGTT 0.004802 0.004027 0.023699 0.032528 0.967472
GTATT 0.002548 0.001274 0.015287 0.019108 0.980892
TGATT 0.003544 0.007088 0.017129 0.027761 0.972239
TCATT 0.004478 0.010791 0.025955 0.041224 0.958776
TATTT 0.003089 0.015857 0.014003 0.032949 0.967051
GGTTA 0.008850 0.006490 0.044838 0.060177 0.939823
GGTTC 0.011100 0.007101 0.032340 0.050541 0.949459
GCCTA 0.013178 0.002636 0.059082 0.074896 0.925104
GCCTC 0.017392 0.018633 0.027401 0.063426 0.936574
GCCTG 0.013047 0.003023 0.044710 0.060780 0.939220
AACGA 0.009171 0.005560 0.014187 0.028917 0.971083
AACCA 0.007022 0.003583 0.033677 0.044282 0.955718
AACGC 0.006659 0.009101 0.023085 0.038846 0.961154
AACCC 0.007737 0.138620 0.013540 0.159897 0.840103
AACGG 0.005189 0.024498 0.027759 0.057446 0.942554
AACCG 0.015482 0.006802 0.071760 0.094045 0.905955
GCCTT 0.002443 0.010385 0.022602 0.035431 0.964569
TTCGA 0.013892 0.003731 0.025973 0.043596 0.956404
GTTTA 0.025300 0.010465 0.047551 0.083316 0.916684
TTCCA 0.012297 0.003513 0.059289 0.075099 0.924901
ATGAA 0.007048 0.004139 0.029154 0.040340 0.959660
TTCGC 0.004534 0.000605 0.025998 0.031137 0.968863
ATGAC 0.007611 0.004757 0.017696 0.030065 0.969935
TTCCC 0.003626 0.037625 0.057419 0.098670 0.901330
TGTTA 0.007330 0.001833 0.081246 0.090409 0.909591
AACGT 0.010460 0.011994 0.044457 0.066911 0.933089
TTCGG 0.003985 0.137381 0.042315 0.183681 0.816319
AACCT 0.006782 0.012966 0.065829 0.085577 0.914423
TGTTC 0.010781 0.003080 0.082508 0.096370 0.903630
ATGAG 0.009987 0.018707 0.020867 0.049561 0.950439
TCTTC 0.014454 0.004410 0.035522 0.054385 0.945615
ATAGA 0.011464 0.005372 0.026052 0.042888 0.957112
ATACA 0.009712 0.020862 0.044339 0.074913 0.925087
TGTTG 0.012728 0.011352 0.030272 0.054352 0.945648
ATAGC 0.007647 0.010620 0.018479 0.036746 0.963254
TCTTG 0.023576 0.005501 0.061297 0.090373 0.909627
ATACC 0.017685 0.014311 0.054447 0.086443 0.913557
ATAGG 0.007013 0.053244 0.029476 0.089732 0.910268
ATACG 0.014565 0.005694 0.035340 0.055599 0.944401
TTCGT 0.006424 0.006483 0.051759 0.064666 0.935334
GTTTT 0.006965 0.045124 0.051030 0.103119 0.896881
TTCCT 0.012730 0.003890 0.107496 0.124116 0.875884
ATGAT 0.004560 0.007126 0.017673 0.029359 0.970641
TCTTT 0.006944 0.083333 0.040972 0.131250 0.868750
TGTTT 0.003150 0.001890 0.020157 0.025197 0.974803
ATAGT 0.006643 0.006193 0.028429 0.041265 0.958735
ATACT 0.005917 0.024179 0.036676 0.066772 0.933228
GACTA 0.016506 0.006599 0.041009 0.064114 0.935886
GACTC 0.010656 0.020056 0.021934 0.052646 0.947354
GACTG 0.010727 0.002577 0.033122 0.046427 0.953573
ACCGA 0.021194 0.010696 0.051137 0.083027 0.916973
AGCGA 0.006853 0.007101 0.030970 0.044925 0.955075
AGCCA 0.005837 0.002802 0.016577 0.025216 0.974784
ACCGC 0.003748 0.016240 0.029357 0.049344 0.950656
AGCGC 0.007636 0.045746 0.030984 0.084366 0.915634
ACCGG 0.004351 0.048795 0.032656 0.085801 0.914199
ACCCG 0.035170 0.005080 0.051192 0.091442 0.908558
GACTT 0.012708 0.010101 0.028674 0.051483 0.948517
GCGGA 0.011245 0.001817 0.012949 0.026011 0.973989
ACCGT 0.009569 0.022804 0.042075 0.074447 0.925553
AGCGT 0.020351 0.008766 0.037509 0.066626 0.933374
GCGCA 0.009149 0.011693 0.040759 0.061601 0.938399
AGCCT 0.014627 0.022963 0.031142 0.068732 0.931268
ACCCT 0.012788 0.023018 0.046501 0.082306 0.917694
GCGCC 0.005088 0.013850 0.038440 0.057377 0.942623
TACTA 0.023898 0.015443 0.053123 0.092464 0.907536
GCGGG 0.004152 0.078885 0.017200 0.100237 0.899763
CCGAA 0.004451 0.005036 0.026436 0.035923 0.964077
ATTCA 0.014774 0.008257 0.046545 0.069577 0.930423
TACTC 0.012499 0.063224 0.043276 0.119000 0.881000
GCGCG 0.012838 0.011407 0.038620 0.062866 0.937134
ATTCC 0.001311 0.023591 0.017038 0.041940 0.958060
CCGAC 0.010849 0.006641 0.038631 0.056121 0.943879
TACTG 0.016259 0.001743 0.021883 0.039884 0.960116
GCAAA 0.001752 0.017302 0.034932 0.053986 0.946014
ATTCG 0.026513 0.007427 0.053280 0.087219 0.912781
CCGAG 0.008945 0.012647 0.026681 0.048273 0.951727
GCAAC 0.014924 0.005351 0.033972 0.054246 0.945754
CCAGC 0.006044 0.002015 0.015447 0.023506 0.976494
GCAAG 0.019681 0.010549 0.026315 0.056545 0.943455
CCACC 0.007794 0.017836 0.083633 0.109263 0.890737
GCGGT 0.004351 0.011809 0.017402 0.033561 0.966439
AAATG 0.002769 0.001731 0.055729 0.060228 0.939772
CCAGG 0.010393 0.009743 0.052290 0.072426 0.927574
GCGCT 0.010120 0.013802 0.041620 0.065542 0.934458
CCACG 0.009699 0.012286 0.019722 0.041707 0.958293
TACTT 0.000974 0.001623 0.018500 0.021097 0.978903
CCGAT 0.002165 0.007035 0.018398 0.027597 0.972403
ATTCT 0.005429 0.013522 0.032370 0.051321 0.948679
TTATA 0.003591 0.016158 0.050269 0.070018 0.929982
GGCTA 0.008626 0.009221 0.032719 0.050565 0.949435
GGCTC 0.008433 0.014596 0.024976 0.048005 0.951995
TTATC 0.005568 0.006682 0.025294 0.037544 0.962456
GCAAT 0.013285 0.003019 0.044082 0.060386 0.939614
CCAGT 0.009156 0.004721 0.026896 0.040773 0.959227
CCACT 0.005743 0.007020 0.035099 0.047862 0.952138
GTCTA 0.015509 0.006171 0.056725 0.078404 0.921596
GAGCA 0.004896 0.010611 0.032000 0.047507 0.952493
GTCTC 0.007189 0.020210 0.020087 0.047485 0.952515
GAGCC 0.007403 0.019134 0.029613 0.056150 0.943850
TCCTA 0.013859 0.008161 0.072221 0.094241 0.905759
TGCTA 0.015459 0.011333 0.058451 0.085242 0.914758
GTCTG 0.008832 0.003773 0.029768 0.042372 0.957628
TCCTC 0.004053 0.004053 0.017661 0.025767 0.974233
CAGAA 0.004326 0.016182 0.017848 0.038356 0.961644
TGCTC 0.012230 0.011281 0.018857 0.042368 0.957632
GAGCG 0.015182 0.009149 0.029423 0.053754 0.946246
CAGAC 0.009975 0.003850 0.034715 0.048540 0.951460
TCCTG 0.013738 0.003988 0.036339 0.054066 0.945934
TGCTG 0.010980 0.002602 0.015261 0.028844 0.971156
GCTAA 0.004918 0.008743 0.022404 0.036066 0.963934
CAGAG 0.008185 0.038328 0.048085 0.094598 0.905402
GAAAC 0.018557 0.004014 0.022862 0.045433 0.954567
ACATA 0.008564 0.014972 0.048073 0.071608 0.928392
AGATA 0.007196 0.005848 0.057128 0.070173 0.929827
AATTA 0.006605 0.000000 0.017173 0.023778 0.976222
CAAGA 0.008404 0.004389 0.028313 0.041106 0.958894
GCTAC 0.006458 0.005971 0.026075 0.038504 0.961496
CAACA 0.008358 0.002358 0.026609 0.037325 0.962675
ACATC 0.002850 0.003705 0.013984 0.020539 0.979461
AGATC 0.003078 0.002261 0.010732 0.016072 0.983928
AATTC 0.009403 0.076881 0.041667 0.127950 0.872050
CCTCA 0.020660 0.007915 0.047006 0.075581 0.924419
CAAGC 0.008398 0.010109 0.039969 0.058476 0.941524
GAAAG 0.019267 0.011809 0.050963 0.082039 0.917961
CCTGC 0.004739 0.014286 0.060888 0.079912 0.920088
CAACC 0.006735 0.014338 0.039322 0.060395 0.939605
GCTAG 0.012821 0.014329 0.028292 0.055441 0.944559
GTCTT 0.002139 0.053743 0.030214 0.086096 0.913904
GAGGT 0.011772 0.002478 0.016729 0.030979 0.969021
ACATG 0.006416 0.007220 0.033865 0.047501 0.952499
AGATG 0.003794 0.006956 0.028611 0.039361 0.960639
CAAGG 0.014849 0.020752 0.032380 0.067980 0.932020
GAGCT 0.006382 0.020938 0.046688 0.074008 0.925992
CAACG 0.022285 0.013776 0.079822 0.115883 0.884117
CCTGG 0.007337 0.019206 0.045101 0.071644 0.928356
CCTCG 0.014893 0.003982 0.040727 0.059602 0.940398
TCCTT 0.006249 0.042448 0.049343 0.098039 0.901961
TGCTT 0.003574 0.014058 0.040267 0.057898 0.942102
CAGAT 0.006642 0.007099 0.026388 0.040129 0.959871
TTTTA 0.038981 0.019115 0.046852 0.104948 0.895052
TTTTC 0.053347 0.009676 0.041579 0.104603 0.895397
GCTAT 0.007312 0.009962 0.028566 0.045840 0.954160
AGATT 0.002786 0.011455 0.017957 0.032198 0.967802
ACATT 0.007386 0.016288 0.043182 0.066856 0.933144
TAGGA 0.017003 0.007646 0.023169 0.047818 0.952182
CAAGT 0.011550 0.002477 0.028677 0.042704 0.957296
TAGCA 0.007415 0.017364 0.053519 0.078298 0.921702
TTTTG 0.069123 0.010434 0.038637 0.118194 0.881806
CAACT 0.005744 0.021319 0.039103 0.066166 0.933834
TAGGC 0.011907 0.001603 0.068239 0.081749 0.918251
CCTGT 0.005627 0.005018 0.053274 0.063919 0.936081
CCTCT 0.009801 0.013721 0.065591 0.089113 0.910887
TAGGG 0.012850 0.064252 0.022196 0.099299 0.900701
TAGCG 0.010303 0.011028 0.031532 0.052863 0.947137
TAAAA 0.001572 0.031053 0.024764 0.057390 0.942610
TAAAC 0.020129 0.002935 0.026419 0.049483 0.950517
TTTTT 0.003555 0.148501 0.071050 0.223106 0.776894
TAGGT 0.011390 0.001139 0.031321 0.043850 0.956150
TAGCT 0.006068 0.013387 0.050949 0.070404 0.929596
GGGGA 0.018927 0.010324 0.014626 0.043877 0.956123
GGGCA 0.011150 0.006632 0.062332 0.080113 0.919887
GGGGC 0.016308 0.002609 0.027397 0.046314 0.953686
GGGCC 0.007096 0.026754 0.045434 0.079284 0.920716
GGGCG 0.005811 0.004648 0.032830 0.043289 0.956711
CGGAC 0.004677 0.003253 0.036751 0.044681 0.955319
ATCGA 0.006293 0.005219 0.016140 0.027652 0.972348
GGAAA 0.002436 0.016443 0.037759 0.056638 0.943362
ATCGC 0.004460 0.008173 0.021388 0.034021 0.965979
GATAA 0.006278 0.038266 0.037668 0.082212 0.917788
CGGAG 0.004083 0.004083 0.055941 0.064108 0.935892
GGAAC 0.007514 0.001734 0.013006 0.022254 0.977746
ACTTA 0.023529 0.018685 0.038754 0.080969 0.919031
CGAGA 0.009258 0.005110 0.024132 0.038500 0.961500
GATAC 0.004485 0.005739 0.032347 0.042570 0.957430
CATGA 0.007597 0.007624 0.022052 0.037273 0.962727
CGACA 0.008449 0.011188 0.050396 0.070033 0.929967
AGTTC 0.005589 0.007233 0.025692 0.038514 0.961486
ATCCG 0.014413 0.006870 0.047110 0.068393 0.931607
CGAGC 0.007759 0.028342 0.038589 0.074691 0.925309
CATCA 0.017920 0.019229 0.041190 0.078339 0.921661
CGACC 0.007808 0.021400 0.024002 0.053210 0.946790
GGAAG 0.007683 0.013593 0.072695 0.093972 0.906028
CATGC 0.004962 0.008390 0.031335 0.044687 0.955313
CATCC 0.008203 0.039426 0.044774 0.092404 0.907596
GATAG 0.010253 0.011038 0.028397 0.049689 0.950311
AGTTG 0.004484 0.003844 0.010250 0.018578 0.981422
GGGCT 0.007061 0.013036 0.053775 0.073873 0.926127
ACTTG 0.019627 0.010645 0.039255 0.069528 0.930472
CATGG 0.004779 0.031063 0.015133 0.050976 0.949024
CGACG 0.008583 0.008240 0.038884 0.055707 0.944293
CATCG 0.009075 0.004209 0.033870 0.047154 0.952846
CGGAT 0.005216 0.004000 0.023599 0.032815 0.967185
GTGGA 0.010071 0.002211 0.018055 0.030337 0.969663
GTGCA 0.007170 0.008853 0.035468 0.051491 0.948509
ATCGT 0.005541 0.013462 0.044066 0.063069 0.936931
ATCCT 0.012333 0.028533 0.053825 0.094691 0.905309
GGAAT 0.011962 0.003589 0.013158 0.028708 0.971292
GTGCC 0.015276 0.037799 0.021739 0.074814 0.925186
GATAT 0.006136 0.005947 0.022311 0.034394 0.965606
TCGGA 0.004315 0.003319 0.014935 0.022569 0.977431
TGGGA 0.011007 0.002064 0.030498 0.043568 0.956432
CTGAA 0.006269 0.007272 0.021063 0.034604 0.965396
AGTTT 0.002415 0.024054 0.028180 0.054650 0.945350
CGAGT 0.010894 0.011091 0.038148 0.060133 0.939867
GTGGG 0.007191 0.061227 0.040252 0.108670 0.891330
ACTTT 0.007207 0.037237 0.048799 0.093243 0.906757
TCGCA 0.009183 0.009789 0.043916 0.062888 0.937112
TGGGC 0.006022 0.005914 0.027097 0.039032 0.960968
CATGT 0.007163 0.007118 0.041061 0.055343 0.944657
GTGCG 0.015436 0.019693 0.026947 0.062077 0.937923
CGACT 0.006619 0.024899 0.036535 0.068053 0.931947
TCGCC 0.010236 0.020207 0.050876 0.081319 0.918681
CTGAC 0.007108 0.002936 0.035847 0.045890 0.954110
CATCT 0.011266 0.018008 0.038188 0.067462 0.932538
GTAAA 0.002601 0.014451 0.037572 0.054624 0.945376
TGGGG 0.001424 0.242435 0.053756 0.297615 0.702385
CTGAG 0.007408 0.036765 0.023259 0.067432 0.932568
TGGCG 0.018678 0.019379 0.040159 0.078216 0.921784
TCGCG 0.007909 0.016577 0.027913 0.052399 0.947601
GTAAC 0.009751 0.002952 0.041108 0.053811 0.946189
CTAGA 0.016041 0.009856 0.032206 0.058104 0.941896
CTACA 0.011705 0.005037 0.047502 0.064244 0.935756
TCAAA 0.002213 0.017821 0.025426 0.045460 0.954540
CTAGC 0.004034 0.005330 0.025539 0.034903 0.965097
TATAA 0.009656 0.033418 0.039290 0.082365 0.917635
GTAAG 0.013669 0.003827 0.037726 0.055221 0.944779
CTACC 0.015778 0.038814 0.061849 0.116441 0.883559
TGAAC 0.007170 0.004884 0.029997 0.042051 0.957949
TCAAC 0.001417 0.009460 0.067130 0.078007 0.921993
TATAC 0.006380 0.006674 0.030238 0.043292 0.956708
GTGGT 0.004208 0.006151 0.033020 0.043380 0.956620
CTAGG 0.010410 0.064911 0.032456 0.107777 0.892223
GTGCT 0.008811 0.017455 0.060634 0.086900 0.913100
CTACG 0.013703 0.009626 0.033077 0.056406 0.943594
TCAAG 0.017389 0.006932 0.022887 0.047208 0.952792
TATAG 0.012075 0.006354 0.033290 0.051719 0.948281
TCGGT 0.007175 0.004028 0.080312 0.091516 0.908484
TCGCT 0.009919 0.013337 0.065883 0.089139 0.910861
TGGCT 0.009866 0.019096 0.045831 0.074793 0.925207
CTGAT 0.005067 0.002412 0.016871 0.024351 0.975649
GTAAT 0.002066 0.001377 0.026171 0.029614 0.970386
CTAGT 0.010839 0.007089 0.036166 0.054094 0.945906
CTACT 0.013650 0.030409 0.072234 0.116293 0.883707
TGAAT 0.008865 0.005365 0.039504 0.053734 0.946266
TATAT 0.005979 0.019210 0.029525 0.054714 0.945286
GGTAA 0.000649 0.008436 0.062946 0.072031 0.927969
CGTGA 0.013825 0.018299 0.024150 0.056275 0.943725
GCCAA 0.001730 0.007353 0.068123 0.077206 0.922794
CGTCA 0.013436 0.015303 0.050887 0.079626 0.920374
CGTGC 0.003095 0.010895 0.050886 0.064876 0.935124
CGTCC 0.000000 0.035737 0.017230 0.052967 0.947033
GCCAC 0.003841 0.008323 0.023688 0.035851 0.964149
AACTA 0.036829 0.016230 0.039950 0.093009 0.906991
GGTAG 0.008088 0.009706 0.052087 0.069880 0.930120
AACTC 0.015763 0.006052 0.031061 0.052877 0.947123
CCCCA 0.055352 0.032376 0.081462 0.169191 0.830809
CGTGG 0.006068 0.031553 0.033981 0.071602 0.928398
CGTCG 0.013340 0.008890 0.034013 0.056243 0.943757
CCCCC 0.003636 0.240928 0.102995 0.347559 0.652441
AACTG 0.026533 0.004127 0.029481 0.060142 0.939858
CCCGG 0.005378 0.036639 0.051092 0.093109 0.906891
TTCTA 0.012532 0.005627 0.104092 0.122251 0.877749
TTCTC 0.005750 0.017251 0.028751 0.051752 0.948248
CGTGT 0.008179 0.017548 0.042032 0.067758 0.932242
GCCAT 0.006965 0.012486 0.036367 0.055819 0.944181
CGTCT 0.008326 0.022930 0.044946 0.076202 0.923798
AACTT 0.004667 0.031333 0.018667 0.054667 0.945333
CCCGT 0.015858 0.002220 0.051380 0.069458 0.930542
CCCCT 0.054591 0.017715 0.200651 0.272957 0.727043
ATATA 0.006662 0.029708 0.049939 0.086309 0.913691
GTTAC 0.005653 0.027638 0.029209 0.062500 0.937500
ATATC 0.004047 0.003755 0.012042 0.019844 0.980156
CTTCA 0.022506 0.012087 0.087941 0.122534 0.877466
TGTAA 0.002424 0.007273 0.020606 0.030303 0.969697
CTTGC 0.005840 0.021863 0.061545 0.089248 0.910752
CTTCC 0.005625 0.051250 0.032500 0.089375 0.910625
TCTAC 0.002893 0.006844 0.024145 0.033883 0.966117
ATATG 0.006579 0.006724 0.032233 0.045535 0.954465
TGTAC 0.005152 0.005204 0.035561 0.045917 0.954083
CTTGG 0.009218 0.016962 0.049410 0.075590 0.924410
CTTCG 0.016263 0.005470 0.040509 0.062241 0.937759
TGTAG 0.010305 0.008821 0.035960 0.055087 0.944913
TTCTT 0.003969 0.015250 0.039482 0.058701 0.941299
TCTAG 0.008410 0.010054 0.031123 0.049587 0.950413
ATATT 0.003030 0.001212 0.013333 0.017576 0.982424
CTTGT 0.004155 0.000959 0.049217 0.054330 0.945670
CTTCT 0.004508 0.013524 0.065740 0.083772 0.916228
TCTAT 0.006251 0.008992 0.029621 0.044864 0.955136
TGTAT 0.005932 0.009629 0.028778 0.044339 0.955661
GACAA 0.004462 0.011619 0.021413 0.037493 0.962507
AGCTA 0.021621 0.009776 0.074711 0.106108 0.893892
GACAC 0.006800 0.013298 0.023592 0.043690 0.956310
ACCTA 0.014858 0.004426 0.045838 0.065121 0.934879
AVG 0.009372 0.015663 0.037165 0.062200 0.937800
