CACGA 0.000000 0.000000 0.021127 0.021127 0.978873
AGCTC 0.000000 0.000000 0.033537 0.033537 0.966463
ACCTC 0.000000 0.000000 0.039683 0.039683 0.960317
CACGC 0.000000 0.000000 0.000000 0.000000 1.000000
CACCC 0.000000 0.000000 0.000000 0.000000 1.000000
GACAG 0.000000 0.000000 0.035398 0.035398 0.964602
ACCTG 0.000000 0.000000 0.087379 0.087379 0.912621
AGCTG 0.000000 0.000000 0.017094 0.017094 0.982906
CACGG 0.000000 0.000000 0.063830 0.063830 0.936170
CACCG 0.000000 0.000000 0.019048 0.019048 0.980952
GACAT 0.000000 0.000000 0.056497 0.056497 0.943503
GCGTA 0.000000 0.000000 0.026042 0.026042 0.973958
AGCTT 0.000000 0.000000 0.000000 0.000000 1.000000
ACCTT 0.000000 0.000000 0.048780 0.048780 0.951220
GCGTC 0.000000 0.000000 0.034091 0.034091 0.965909
CACGT 0.000000 0.000000 0.063584 0.063584 0.936416
CACCT 0.000000 0.000000 0.076923 0.076923 0.923077
ATTTA 0.000000 0.000000 0.000000 0.000000 1.000000
GCGTG 0.000000 0.000000 0.218978 0.218978 0.781022
AAGGA 0.000000 0.000000 0.000000 0.000000 1.000000
AAGCA 0.000000 0.000000 0.044444 0.044444 0.955556
ATTTG 0.000000 0.000000 0.084906 0.084906 0.915094
TACAA 0.000000 0.000000 0.033898 0.033898 0.966102
AAGGC 0.000000 0.000000 0.037975 0.037975 0.962025
AAGCC 0.000000 0.000000 0.000000 0.000000 1.000000
TACAC 0.000000 0.000000 0.038793 0.038793 0.961207
CCATA 0.000000 0.000000 0.042373 0.042373 0.957627
AAGGG 0.000000 0.000000 0.100000 0.100000 0.900000
CCATC 0.000000 0.000000 0.049180 0.049180 0.950820
TACAG 0.000000 0.000000 0.033413 0.033413 0.966587
GCGTT 0.000000 0.000000 0.000000 0.000000 1.000000
CCATG 0.000000 0.000000 0.022222 0.022222 0.977778
AAAAA 0.000000 0.000000 0.047619 0.047619 0.952381
TTGGA 0.000000 0.000000 0.000000 0.000000 1.000000
AAAAC 0.000000 0.000000 0.013514 0.013514 0.986486
TTGCA 0.000000 0.000000 0.022727 0.022727 0.977273
ATTTT 0.000000 0.000000 0.065217 0.065217 0.934783
TTGGC 0.000000 0.000000 0.054054 0.054054 0.945946
TTGCC 0.000000 0.000000 0.010870 0.010870 0.989130
AAGGT 0.000000 0.000000 0.000000 0.000000 1.000000
TACAT 0.000000 0.000000 0.024096 0.024096 0.975904
CCATT 0.000000 0.000000 0.000000 0.000000 1.000000
GGCAA 0.000000 0.000000 0.043956 0.043956 0.956044
TTAAA 0.000000 0.000000 0.000000 0.000000 1.000000
GGCAC 0.000000 0.000000 0.089552 0.089552 0.910448
TTAAC 0.000000 0.000000 0.000000 0.000000 1.000000
CGCGA 0.000000 0.000000 0.022388 0.022388 0.977612
CGCCA 0.000000 0.000000 0.093750 0.093750 0.906250
CGCGC 0.000000 0.000000 0.076087 0.076087 0.923913
GGCAG 0.000000 0.000000 0.053571 0.053571 0.946429
AAAAT 0.000000 0.000000 0.022222 0.022222 0.977778
CGCCC 0.000000 0.000000 0.029412 0.029412 0.970588
CGCGG 0.000000 0.000000 0.000000 0.000000 1.000000
TTGCT 0.000000 0.000000 0.111111 0.111111 0.888889
CGCCG 0.000000 0.000000 0.027211 0.027211 0.972789
GGCAT 0.000000 0.000000 0.090909 0.090909 0.909091
GAGTA 0.000000 0.000000 0.037736 0.037736 0.962264
CGCGT 0.000000 0.000000 0.068966 0.068966 0.931034
GAGTC 0.000000 0.000000 0.031646 0.031646 0.968354
CGCCT 0.000000 0.000000 0.064516 0.064516 0.935484
GAGTG 0.000000 0.000000 0.129747 0.129747 0.870253
GTCAA 0.000000 0.000000 0.009804 0.009804 0.990196
GTCAC 0.000000 0.000000 0.079843 0.079843 0.920157
AGGGA 0.000000 0.000000 0.022727 0.022727 0.977273
CTCGA 0.000000 0.000000 0.015734 0.015734 0.984266
ACGGA 0.000000 0.000000 0.023622 0.023622 0.976378
AGGCA 0.000000 0.000000 0.017766 0.017766 0.982234
ACGCA 0.000000 0.000000 0.069038 0.069038 0.930962
AGGGC 0.000000 0.000000 0.019493 0.019493 0.980507
TGCAA 0.000000 0.000000 0.023256 0.023256 0.976744
CTCGC 0.000000 0.000000 0.033175 0.033175 0.966825
ACGCC 0.000000 0.000000 0.035714 0.035714 0.964286
AGGCC 0.000000 0.000000 0.032258 0.032258 0.967742
GTCAG 0.000000 0.000000 0.023715 0.023715 0.976285
CAATA 0.000000 0.000000 0.176471 0.176471 0.823529
TCCAC 0.000000 0.000000 0.150000 0.150000 0.850000
TGCAC 0.000000 0.000000 0.026971 0.026971 0.973029
CCTTA 0.000000 0.000000 0.000000 0.000000 1.000000
ACGGG 0.000000 0.000000 0.097561 0.097561 0.902439
CAATC 0.000000 0.000000 0.000000 0.000000 1.000000
CTCGG 0.000000 0.000000 0.017241 0.017241 0.982759
CTCCG 0.000000 0.000000 0.026087 0.026087 0.973913
AGGCG 0.000000 0.000000 0.000000 0.000000 1.000000
ACGCG 0.000000 0.000000 0.021505 0.021505 0.978495
CCTTC 0.000000 0.000000 0.037037 0.037037 0.962963
TCCAG 0.000000 0.000000 0.000000 0.000000 1.000000
TGCAG 0.000000 0.000000 0.032374 0.032374 0.967626
GAGTT 0.000000 0.000000 0.024590 0.024590 0.975410
AGAAA 0.000000 0.000000 0.160000 0.160000 0.840000
ACAAA 0.000000 0.000000 0.077922 0.077922 0.922078
CCTTG 0.000000 0.000000 0.011364 0.011364 0.988636
AATAA 0.000000 0.000000 0.000000 0.000000 1.000000
AGAAC 0.000000 0.000000 0.010753 0.010753 0.989247
ACAAC 0.000000 0.000000 0.053254 0.053254 0.946746
AATAC 0.000000 0.000000 0.064516 0.064516 0.935484
GTCAT 0.000000 0.000000 0.049333 0.049333 0.950667
ACAAG 0.000000 0.000000 0.012469 0.012469 0.987531
AGAAG 0.000000 0.000000 0.000000 0.000000 1.000000
AATAG 0.000000 0.000000 0.029851 0.029851 0.970149
AGGGT 0.000000 0.000000 0.000000 0.000000 1.000000
CTCGT 0.000000 0.000000 0.045888 0.045888 0.954112
ACGCT 0.000000 0.000000 0.089552 0.089552 0.910448
AGGCT 0.000000 0.000000 0.000000 0.000000 1.000000
CTCCT 0.000000 0.000000 0.000000 0.000000 1.000000
TCCAT 0.000000 0.000000 0.142857 0.142857 0.857143
TGCAT 0.000000 0.000000 0.053571 0.053571 0.946429
TAGTA 0.000000 0.000000 0.037037 0.037037 0.962963
CAATT 0.000000 0.000000 0.000000 0.000000 1.000000
CCTTT 0.000000 0.000000 0.142857 0.142857 0.857143
TAGTC 0.000000 0.000000 0.028571 0.028571 0.971429
TTTAA 0.000000 0.000000 0.000000 0.000000 1.000000
TTTAC 0.000000 0.000000 0.000000 0.000000 1.000000
TAGTG 0.000000 0.000000 0.076106 0.076106 0.923894
ACAAT 0.000000 0.000000 0.036364 0.036364 0.963636
AGAAT 0.000000 0.000000 0.084746 0.084746 0.915254
AATAT 0.000000 0.000000 0.000000 0.000000 1.000000
TTTAG 0.000000 0.000000 0.153846 0.153846 0.846154
TAGTT 0.000000 0.000000 0.000000 0.000000 1.000000
TTTAT 0.000000 0.000000 0.037736 0.037736 0.962264
GGGTC 0.000000 0.000000 0.000000 0.000000 1.000000
GGGTG 0.000000 0.000000 0.100000 0.100000 0.900000
ATCTA 0.000000 0.000000 0.016746 0.016746 0.983254
ATCTC 0.000000 0.000000 0.022569 0.022569 0.977431
CGATA 0.000000 0.000000 0.023810 0.023810 0.976190
CATTA 0.000000 0.000000 0.040000 0.040000 0.960000
ATCTG 0.000000 0.000000 0.028037 0.028037 0.971963
CGATC 0.000000 0.000000 0.062500 0.062500 0.937500
CATTC 0.000000 0.000000 0.027473 0.027473 0.972527
CGATG 0.000000 0.000000 0.043103 0.043103 0.956897
AGTAA 0.000000 0.000000 0.000000 0.000000 1.000000
ACTAA 0.000000 0.000000 0.029412 0.029412 0.970588
AGTAC 0.000000 0.000000 0.061905 0.061905 0.938095
ACTAC 0.000000 0.000000 0.025478 0.025478 0.974522
GTGTA 0.000000 0.000000 0.018848 0.018848 0.981152
AGTAG 0.000000 0.000000 0.021368 0.021368 0.978632
ACTAG 0.000000 0.000000 0.011696 0.011696 0.988304
GTGTC 0.000000 0.000000 0.024658 0.024658 0.975342
TGGTA 0.000000 0.000000 0.000000 0.000000 1.000000
TCGTA 0.000000 0.000000 0.046212 0.046212 0.953788
CGATT 0.000000 0.000000 0.000000 0.000000 1.000000
GTGTG 0.000000 0.000000 0.086522 0.086522 0.913478
TGGTC 0.000000 0.000000 0.000000 0.000000 1.000000
CATTT 0.000000 0.000000 0.000000 0.000000 1.000000
TCGTC 0.000000 0.000000 0.038627 0.038627 0.961373
TCGTG 0.000000 0.000000 0.063079 0.063079 0.936921
CTATA 0.000000 0.000000 0.045455 0.045455 0.954545
AGTAT 0.000000 0.000000 0.086420 0.086420 0.913580
ACTAT 0.000000 0.000000 0.036145 0.036145 0.963855
CTATC 0.000000 0.000000 0.016575 0.016575 0.983425
GTGTT 0.000000 0.000000 0.000000 0.000000 1.000000
CTATG 0.000000 0.000000 0.000000 0.000000 1.000000
TCGTT 0.000000 0.000000 0.035714 0.035714 0.964286
CTATT 0.000000 0.000000 0.041667 0.041667 0.958333
CGTTC 0.000000 0.000000 0.060606 0.060606 0.939394
CCCTA 0.000000 0.000000 0.030303 0.030303 0.969697
CCCTC 0.000000 0.000000 0.055556 0.055556 0.944444
CCCTG 0.000000 0.000000 0.111111 0.111111 0.888889
AACAA 0.000000 0.000000 0.053846 0.053846 0.946154
AACAC 0.000000 0.000000 0.040816 0.040816 0.959184
AACAG 0.000000 0.000000 0.057292 0.057292 0.942708
CGTTT 0.000000 0.000000 0.000000 0.000000 1.000000
ATGGA 0.000000 0.000000 0.017241 0.017241 0.982759
ATGCA 0.000000 0.000000 0.073770 0.073770 0.926230
CCCTT 0.000000 0.000000 0.000000 0.000000 1.000000
TTCAA 0.000000 0.000000 0.041667 0.041667 0.958333
ATGCC 0.000000 0.000000 0.077586 0.077586 0.922414
TTCAC 0.000000 0.000000 0.030769 0.030769 0.969231
CTTTA 0.000000 0.000000 0.000000 0.000000 1.000000
CTTTC 0.000000 0.000000 0.000000 0.000000 1.000000
ATGCG 0.000000 0.000000 0.028481 0.028481 0.971519
TTCAG 0.000000 0.000000 0.016949 0.016949 0.983051
AACAT 0.000000 0.000000 0.044586 0.044586 0.955414
ATAAA 0.000000 0.000000 0.083333 0.083333 0.916667
CTTTG 0.000000 0.000000 0.012461 0.012461 0.987539
ATAAG 0.000000 0.000000 0.021866 0.021866 0.978134
ATGCT 0.000000 0.000000 0.062500 0.062500 0.937500
TTCAT 0.000000 0.000000 0.017544 0.017544 0.982456
CTTTT 0.000000 0.000000 0.000000 0.000000 1.000000
ATAAT 0.000000 0.000000 0.111111 0.111111 0.888889
CACTA 0.000000 0.000000 0.018448 0.018448 0.981552
CACTC 0.000000 0.000000 0.020864 0.020864 0.979136
CACTG 0.000000 0.000000 0.068670 0.068670 0.931330
ACCAA 0.000000 0.000000 0.000000 0.000000 1.000000
AGCAA 0.000000 0.000000 0.000000 0.000000 1.000000
AGCAC 0.000000 0.000000 0.037975 0.037975 0.962025
ACCAC 0.000000 0.000000 0.058824 0.058824 0.941176
AGCAG 0.000000 0.000000 0.060837 0.060837 0.939163
ACCAG 0.000000 0.000000 0.041667 0.041667 0.958333
CACTT 0.000000 0.000000 0.028571 0.028571 0.971429
GCGAA 0.000000 0.000000 0.025000 0.025000 0.975000
AGCAT 0.000000 0.000000 0.057143 0.057143 0.942857
ACCAT 0.000000 0.000000 0.040816 0.040816 0.959184
AAGTA 0.000000 0.000000 0.040404 0.040404 0.959596
GCGAC 0.000000 0.000000 0.068063 0.068063 0.931937
CCGGA 0.000000 0.000000 0.000000 0.000000 1.000000
AAGTC 0.000000 0.000000 0.058824 0.058824 0.941176
ATTAA 0.000000 0.000000 0.096774 0.096774 0.903226
GCGAG 0.000000 0.000000 0.021978 0.021978 0.978022
ATTAC 0.000000 0.000000 0.000000 0.000000 1.000000
AAGTG 0.000000 0.000000 0.049180 0.049180 0.950820
GCAGA 0.000000 0.000000 0.014563 0.014563 0.985437
GCACA 0.000000 0.000000 0.025000 0.025000 0.975000
CCGGG 0.000000 0.000000 0.023585 0.023585 0.976415
CCGCG 0.000000 0.000000 0.000000 0.000000 1.000000
GCAGC 0.000000 0.000000 0.017621 0.017621 0.982379
ATTAG 0.000000 0.000000 0.016949 0.016949 0.983051
GCACC 0.000000 0.000000 0.037037 0.037037 0.962963
GCAGG 0.000000 0.000000 0.000000 0.000000 1.000000
GCACG 0.000000 0.000000 0.019417 0.019417 0.980583
TTGTA 0.000000 0.000000 0.161290 0.161290 0.838710
CCAAC 0.000000 0.000000 0.057554 0.057554 0.942446
TTGTC 0.000000 0.000000 0.000000 0.000000 1.000000
GCGAT 0.000000 0.000000 0.035714 0.035714 0.964286
CCAAG 0.000000 0.000000 0.119048 0.119048 0.880952
AAGTT 0.000000 0.000000 0.000000 0.000000 1.000000
TTGTG 0.000000 0.000000 0.076923 0.076923 0.923077
CCGGT 0.000000 0.000000 0.100000 0.100000 0.900000
CCGCT 0.000000 0.000000 0.000000 0.000000 1.000000
GCAGT 0.000000 0.000000 0.016043 0.016043 0.983957
GCACT 0.000000 0.000000 0.046000 0.046000 0.954000
CGCTA 0.000000 0.000000 0.060345 0.060345 0.939655
CGCTC 0.000000 0.000000 0.017730 0.017730 0.982270
CCAAT 0.000000 0.000000 0.027027 0.027027 0.972973
TTGTT 0.000000 0.000000 0.100000 0.100000 0.900000
CGCTG 0.000000 0.000000 0.027692 0.027692 0.972308
CGCTT 0.000000 0.000000 0.000000 0.000000 1.000000
GAGAC 0.000000 0.000000 0.088435 0.088435 0.911565
ACGTA 0.000000 0.000000 0.072340 0.072340 0.927660
CTCTA 0.000000 0.000000 0.012887 0.012887 0.987113
CAGGA 0.000000 0.000000 0.014981 0.014981 0.985019
CAGCA 0.000000 0.000000 0.052699 0.052699 0.947301
AGGTC 0.000000 0.000000 0.000000 0.000000 1.000000
CTCTC 0.000000 0.000000 0.016173 0.016173 0.983827
ACGTC 0.000000 0.000000 0.030151 0.030151 0.969849
CAGGC 0.000000 0.000000 0.068027 0.068027 0.931973
GAGAG 0.000000 0.000000 0.000000 0.000000 1.000000
AGGTG 0.000000 0.000000 0.000000 0.000000 1.000000
ACGTG 0.000000 0.000000 0.103448 0.103448 0.896552
CTCTG 0.000000 0.000000 0.014035 0.014035 0.985965
GAACA 0.000000 0.000000 0.034653 0.034653 0.965347
CAGGG 0.000000 0.000000 0.071429 0.071429 0.928571
GCTGA 0.000000 0.000000 0.029026 0.029026 0.970974
CAGCG 0.000000 0.000000 0.005208 0.005208 0.994792
GAAGC 0.000000 0.000000 0.000000 0.000000 1.000000
GCTCA 0.000000 0.000000 0.034000 0.034000 0.966000
GAACC 0.000000 0.000000 0.033613 0.033613 0.966387
GCTGC 0.000000 0.000000 0.076923 0.076923 0.923077
GAAGG 0.000000 0.000000 0.030303 0.030303 0.969697
CAAAA 0.000000 0.000000 0.200000 0.200000 0.800000
CCTAA 0.000000 0.000000 0.000000 0.000000 1.000000
GCTGG 0.000000 0.000000 0.000000 0.000000 1.000000
GAACG 0.000000 0.000000 0.012821 0.012821 0.987179
CAAAC 0.000000 0.000000 0.020165 0.020165 0.979835
GCTCG 0.000000 0.000000 0.035826 0.035826 0.964174
CCTAC 0.000000 0.000000 0.069767 0.069767 0.930233
GAGAT 0.000000 0.000000 0.041420 0.041420 0.958580
CAAAG 0.000000 0.000000 0.000000 0.000000 1.000000
ACGTT 0.000000 0.000000 0.076923 0.076923 0.923077
AGGTT 0.000000 0.000000 0.000000 0.000000 1.000000
CTCTT 0.000000 0.000000 0.038462 0.038462 0.961538
CCTAG 0.000000 0.000000 0.042105 0.042105 0.957895
CAGGT 0.000000 0.000000 0.044118 0.044118 0.955882
CAGCT 0.000000 0.000000 0.052174 0.052174 0.947826
GAAGT 0.000000 0.000000 0.185185 0.185185 0.814815
GAACT 0.000000 0.000000 0.020000 0.020000 0.980000
GCTGT 0.000000 0.000000 0.039623 0.039623 0.960377
GCTCT 0.000000 0.000000 0.037037 0.037037 0.962963
TAGAA 0.000000 0.000000 0.039604 0.039604 0.960396
TAGAC 0.000000 0.000000 0.041580 0.041580 0.958420
CCTAT 0.000000 0.000000 0.066667 0.066667 0.933333
TAGAG 0.000000 0.000000 0.007067 0.007067 0.992933
TAAGA 0.000000 0.000000 0.044248 0.044248 0.955752
TAACA 0.000000 0.000000 0.077922 0.077922 0.922078
TAACC 0.000000 0.000000 0.000000 0.000000 1.000000
TAAGG 0.000000 0.000000 0.037313 0.037313 0.962687
TAACG 0.000000 0.000000 0.058824 0.058824 0.941176
TAGAT 0.000000 0.000000 0.042553 0.042553 0.957447
GGGAC 0.000000 0.000000 0.072464 0.072464 0.927536
CGGGA 0.000000 0.000000 0.015385 0.015385 0.984615
TAAGT 0.000000 0.000000 0.068966 0.068966 0.931034
CGGGC 0.000000 0.000000 0.034483 0.034483 0.965517
TAACT 0.000000 0.000000 0.200000 0.200000 0.800000
ATCAA 0.000000 0.000000 0.045455 0.045455 0.954545
CGGGG 0.000000 0.000000 0.050000 0.050000 0.950000
GGACA 0.000000 0.000000 0.033613 0.033613 0.966387
GATGA 0.000000 0.000000 0.044304 0.044304 0.955696
GATCA 0.000000 0.000000 0.045455 0.045455 0.954545
GATGC 0.000000 0.000000 0.034483 0.034483 0.965517
ATCAC 0.000000 0.000000 0.031414 0.031414 0.968586
GGACC 0.000000 0.000000 0.012397 0.012397 0.987603
CGAAA 0.000000 0.000000 0.000000 0.000000 1.000000
GATGG 0.000000 0.000000 0.071429 0.071429 0.928571
GGACG 0.000000 0.000000 0.037736 0.037736 0.962264
CATAA 0.000000 0.000000 0.017544 0.017544 0.982456
ATCAG 0.000000 0.000000 0.011730 0.011730 0.988270
CGAAC 0.000000 0.000000 0.037958 0.037958 0.962042
GATCG 0.000000 0.000000 0.030822 0.030822 0.969178
CATAC 0.000000 0.000000 0.055300 0.055300 0.944700
GGGAT 0.000000 0.000000 0.000000 0.000000 1.000000
CGAAG 0.000000 0.000000 0.000000 0.000000 1.000000
CATAG 0.000000 0.000000 0.032432 0.032432 0.967568
CGGGT 0.000000 0.000000 0.000000 0.000000 1.000000
GTGAA 0.000000 0.000000 0.033333 0.033333 0.966667
GGAGT 0.000000 0.000000 0.114286 0.114286 0.885714
GGACT 0.000000 0.000000 0.056338 0.056338 0.943662
GATGT 0.000000 0.000000 0.053665 0.053665 0.946335
ATCAT 0.000000 0.000000 0.055556 0.055556 0.944444
GTGAC 0.000000 0.000000 0.024658 0.024658 0.975342
GATCT 0.000000 0.000000 0.016484 0.016484 0.983516
CTGGA 0.000000 0.000000 0.048780 0.048780 0.951220
CTGCA 0.000000 0.000000 0.024194 0.024194 0.975806
TGGAA 0.000000 0.000000 0.000000 0.000000 1.000000
TCGAA 0.000000 0.000000 0.000000 0.000000 1.000000
CTGGC 0.000000 0.000000 0.214286 0.214286 0.785714
CGAAT 0.000000 0.000000 0.032787 0.032787 0.967213
GTGAG 0.000000 0.000000 0.043160 0.043160 0.956840
TGGAC 0.000000 0.000000 0.100000 0.100000 0.900000
CATAT 0.000000 0.000000 0.089806 0.089806 0.910194
TCGAC 0.000000 0.000000 0.038971 0.038971 0.961029
GTAGA 0.000000 0.000000 0.026515 0.026515 0.973485
GTACA 0.000000 0.000000 0.044910 0.044910 0.955090
CTGGG 0.000000 0.000000 0.000000 0.000000 1.000000
GTAGC 0.000000 0.000000 0.114894 0.114894 0.885106
CTGCG 0.000000 0.000000 0.014634 0.014634 0.985366
GTACC 0.000000 0.000000 0.075000 0.075000 0.925000
TCGAG 0.000000 0.000000 0.058824 0.058824 0.941176
TGGAG 0.000000 0.000000 0.090909 0.090909 0.909091
TGAGA 0.000000 0.000000 0.017857 0.017857 0.982143
TCAGA 0.000000 0.000000 0.013632 0.013632 0.986368
CTAAA 0.000000 0.000000 0.272727 0.272727 0.727273
GTAGG 0.000000 0.000000 0.010526 0.010526 0.989474
TATGA 0.000000 0.000000 0.035821 0.035821 0.964179
TGACA 0.000000 0.000000 0.042135 0.042135 0.957865
TCACA 0.000000 0.000000 0.034091 0.034091 0.965909
TCAGC 0.000000 0.000000 0.060811 0.060811 0.939189
TGAGC 0.000000 0.000000 0.032292 0.032292 0.967708
TATCA 0.000000 0.000000 0.030568 0.030568 0.969432
GTACG 0.000000 0.000000 0.021134 0.021134 0.978866
CTAAC 0.000000 0.000000 0.083333 0.083333 0.916667
TATGC 0.000000 0.000000 0.012987 0.012987 0.987013
TGACC 0.000000 0.000000 0.000000 0.000000 1.000000
TATCC 0.000000 0.000000 0.024390 0.024390 0.975610
TCAGG 0.000000 0.000000 0.037500 0.037500 0.962500
GTGAT 0.000000 0.000000 0.044944 0.044944 0.955056
TGACG 0.000000 0.000000 0.014184 0.014184 0.985816
TATGG 0.000000 0.000000 0.000000 0.000000 1.000000
CTAAG 0.000000 0.000000 0.016129 0.016129 0.983871
TCACG 0.000000 0.000000 0.011029 0.011029 0.988971
TATCG 0.000000 0.000000 0.022401 0.022401 0.977599
CTGGT 0.000000 0.000000 0.000000 0.000000 1.000000
CTGCT 0.000000 0.000000 0.018072 0.018072 0.981928
TGGAT 0.000000 0.000000 0.000000 0.000000 1.000000
TCGAT 0.000000 0.000000 0.029046 0.029046 0.970954
GTAGT 0.000000 0.000000 0.035616 0.035616 0.964384
GTACT 0.000000 0.000000 0.018349 0.018349 0.981651
TCAGT 0.000000 0.000000 0.036339 0.036339 0.963661
TGAGT 0.000000 0.000000 0.028226 0.028226 0.971774
TATGT 0.000000 0.000000 0.064433 0.064433 0.935567
TGACT 0.000000 0.000000 0.061224 0.061224 0.938776
TCACT 0.000000 0.000000 0.049080 0.049080 0.950920
TATCT 0.000000 0.000000 0.045576 0.045576 0.954424
GGTGA 0.000000 0.000000 0.000000 0.000000 1.000000
GGTGC 0.000000 0.000000 0.166667 0.166667 0.833333
GGTCC 0.000000 0.000000 0.000000 0.000000 1.000000
GCCGA 0.000000 0.000000 0.054598 0.054598 0.945402
GCCCA 0.000000 0.000000 0.010989 0.010989 0.989011
GGTGG 0.000000 0.000000 0.000000 0.000000 1.000000
CGTAA 0.000000 0.000000 0.032258 0.032258 0.967742
GGTCG 0.000000 0.000000 0.000000 0.000000 1.000000
CGTAC 0.000000 0.000000 0.053030 0.053030 0.946970
CCCAA 0.000000 0.000000 0.000000 0.000000 1.000000
GCCCG 0.000000 0.000000 0.030303 0.030303 0.969697
CGTAG 0.000000 0.000000 0.013514 0.013514 0.986486
CCCAC 0.000000 0.000000 0.176471 0.176471 0.823529
GGTGT 0.000000 0.000000 0.066667 0.066667 0.933333
GGTCT 0.000000 0.000000 0.000000 0.000000 1.000000
ATGTA 0.000000 0.000000 0.047697 0.047697 0.952303
ATGTC 0.000000 0.000000 0.045000 0.045000 0.955000
GCCGT 0.000000 0.000000 0.092105 0.092105 0.907895
GCCCT 0.000000 0.000000 0.017094 0.017094 0.982906
CGTAT 0.000000 0.000000 0.084416 0.084416 0.915584
ATGTG 0.000000 0.000000 0.046642 0.046642 0.953358
GTTCA 0.000000 0.000000 0.029661 0.029661 0.970339
GTTGC 0.000000 0.000000 0.400000 0.400000 0.600000
GTTCC 0.000000 0.000000 0.016393 0.016393 0.983607
TCTGA 0.000000 0.000000 0.026030 0.026030 0.973970
TGTGA 0.000000 0.000000 0.003425 0.003425 0.996575
GTTGG 0.000000 0.000000 0.000000 0.000000 1.000000
TGTCA 0.000000 0.000000 0.053097 0.053097 0.946903
TCTCA 0.000000 0.000000 0.025500 0.025500 0.974500
GTTCG 0.000000 0.000000 0.034091 0.034091 0.965909
TCTGC 0.000000 0.000000 0.105528 0.105528 0.894472
TGTGC 0.000000 0.000000 0.038058 0.038058 0.961942
TCTCC 0.000000 0.000000 0.129032 0.129032 0.870968
TGTCC 0.000000 0.000000 0.000000 0.000000 1.000000
CTTAC 0.000000 0.000000 0.000000 0.000000 1.000000
TCTGG 0.000000 0.000000 0.100000 0.100000 0.900000
TGTGG 0.000000 0.000000 0.042553 0.042553 0.957447
TGTCG 0.000000 0.000000 0.022936 0.022936 0.977064
TCTCG 0.000000 0.000000 0.016274 0.016274 0.983726
CTTAG 0.000000 0.000000 0.125000 0.125000 0.875000
GTTCT 0.000000 0.000000 0.042373 0.042373 0.957627
TCTGT 0.000000 0.000000 0.050060 0.050060 0.949940
TGTGT 0.000000 0.000000 0.044262 0.044262 0.955738
TCTCT 0.000000 0.000000 0.038076 0.038076 0.961924
TGTCT 0.000000 0.000000 0.052486 0.052486 0.947514
GACGA 0.000000 0.000000 0.047993 0.047993 0.952007
GACCA 0.000000 0.000000 0.032787 0.032787 0.967213
GACGC 0.000000 0.000000 0.029412 0.029412 0.970588
GACCC 0.000000 0.000000 0.000000 0.000000 1.000000
CACAA 0.000000 0.000000 0.100000 0.100000 0.900000
GACGG 0.000000 0.000000 0.033333 0.033333 0.966667
GACCG 0.000000 0.000000 0.031088 0.031088 0.968912
CACAC 0.000000 0.000000 0.000000 0.000000 1.000000
CACAG 0.000000 0.000000 0.009677 0.009677 0.990323
GACGT 0.000000 0.000000 0.026144 0.026144 0.973856
GACCT 0.000000 0.000000 0.075581 0.075581 0.924419
CACAT 0.000000 0.000000 0.032558 0.032558 0.967442
CCGTA 0.000000 0.000000 0.006494 0.006494 0.993506
CCGTC 0.000000 0.000000 0.000000 0.000000 1.000000
GCATA 0.000000 0.000000 0.044643 0.044643 0.955357
CCGTG 0.000000 0.000000 0.027027 0.027027 0.972973
TACGA 0.000000 0.000000 0.013636 0.013636 0.986364
AAGAA 0.000000 0.000000 0.000000 0.000000 1.000000
TACCA 0.000000 0.000000 0.072727 0.072727 0.927273
GCATC 0.000000 0.000000 0.035714 0.035714 0.964286
TACGC 0.000000 0.000000 0.035928 0.035928 0.964072
AAGAC 0.000000 0.000000 0.078313 0.078313 0.921687
GCATG 0.000000 0.000000 0.036145 0.036145 0.963855
TACGG 0.000000 0.000000 0.000000 0.000000 1.000000
TACCG 0.000000 0.000000 0.071078 0.071078 0.928922
AAACA 0.000000 0.000000 0.044335 0.044335 0.955665
AAAGC 0.000000 0.000000 0.500000 0.500000 0.500000
AAACC 0.000000 0.000000 0.033613 0.033613 0.966387
CCGTT 0.000000 0.000000 0.000000 0.000000 1.000000
AAACG 0.000000 0.000000 0.025907 0.025907 0.974093
TTGAC 0.000000 0.000000 0.000000 0.000000 1.000000
GCATT 0.000000 0.000000 0.166667 0.166667 0.833333
TACGT 0.000000 0.000000 0.041667 0.041667 0.958333
AAGAT 0.000000 0.000000 0.000000 0.000000 1.000000
TACCT 0.000000 0.000000 0.019608 0.019608 0.980392
TTAGA 0.000000 0.000000 0.000000 0.000000 1.000000
GGCGA 0.000000 0.000000 0.015625 0.015625 0.984375
TTACA 0.000000 0.000000 0.030303 0.030303 0.969697
GGCCA 0.000000 0.000000 0.058824 0.058824 0.941176
GGCGC 0.000000 0.000000 0.157895 0.157895 0.842105
TTAGC 0.000000 0.000000 0.034483 0.034483 0.965517
TTACC 0.000000 0.000000 0.035714 0.035714 0.964286
AAAGT 0.000000 0.000000 0.000000 0.000000 1.000000
GGCGG 0.000000 0.000000 0.111111 0.111111 0.888889
CGCAA 0.000000 0.000000 0.083333 0.083333 0.916667
TTAGG 0.000000 0.000000 0.024390 0.024390 0.975610
GGCCG 0.000000 0.000000 0.000000 0.000000 1.000000
CGCAC 0.000000 0.000000 0.064665 0.064665 0.935335
CGCAG 0.000000 0.000000 0.035176 0.035176 0.964824
TTAGT 0.000000 0.000000 0.000000 0.000000 1.000000
GGCGT 0.000000 0.000000 0.050000 0.050000 0.950000
TTACT 0.000000 0.000000 0.000000 0.000000 1.000000
GGCCT 0.000000 0.000000 0.000000 0.000000 1.000000
CGCAT 0.000000 0.000000 0.045455 0.045455 0.954545
CAGTA 0.000000 0.000000 0.028754 0.028754 0.971246
GTCGA 0.000000 0.000000 0.011194 0.011194 0.988806
GTCCA 0.000000 0.000000 0.000000 0.000000 1.000000
CAGTC 0.000000 0.000000 0.050523 0.050523 0.949477
GTCGC 0.000000 0.000000 0.087500 0.087500 0.912500
GTCCC 0.000000 0.000000 0.166667 0.166667 0.833333
GAATA 0.000000 0.000000 0.039216 0.039216 0.960784
TCCGA 0.000000 0.000000 0.000000 0.000000 1.000000
TGCGA 0.000000 0.000000 0.009950 0.009950 0.990050
CAGTG 0.000000 0.000000 0.048499 0.048499 0.951501
GCTTA 0.000000 0.000000 0.033333 0.033333 0.966667
AGGAA 0.000000 0.000000 0.000000 0.000000 1.000000
GAATC 0.000000 0.000000 0.166667 0.166667 0.833333
TGCCA 0.000000 0.000000 0.030769 0.030769 0.969231
CTCAA 0.000000 0.000000 0.000000 0.000000 1.000000
ACGAA 0.000000 0.000000 0.058140 0.058140 0.941860
TCCCA 0.000000 0.000000 0.000000 0.000000 1.000000
TCCGC 0.000000 0.000000 0.093023 0.093023 0.906977
GCTTC 0.000000 0.000000 0.000000 0.000000 1.000000
TGCGC 0.000000 0.000000 0.033898 0.033898 0.966102
AGGAC 0.000000 0.000000 0.139344 0.139344 0.860656
CTCAC 0.000000 0.000000 0.041985 0.041985 0.958015
ACGAC 0.000000 0.000000 0.044199 0.044199 0.955801
TCCCC 0.000000 0.000000 0.294118 0.294118 0.705882
TGCCC 0.000000 0.000000 0.025547 0.025547 0.974453
GAATG 0.000000 0.000000 0.044444 0.044444 0.955556
TCCGG 0.000000 0.000000 0.000000 0.000000 1.000000
TGCGG 0.000000 0.000000 0.010638 0.010638 0.989362
GCTTG 0.000000 0.000000 0.011236 0.011236 0.988764
TGCCG 0.000000 0.000000 0.027586 0.027586 0.972414
CTCAG 0.000000 0.000000 0.043165 0.043165 0.956835
ACGAG 0.000000 0.000000 0.019451 0.019451 0.980549
AGAGA 0.000000 0.000000 0.000000 0.000000 1.000000
ACAGA 0.000000 0.000000 0.030921 0.030921 0.969079
ACACA 0.000000 0.000000 0.034268 0.034268 0.965732
AATGA 0.000000 0.000000 0.176471 0.176471 0.823529
AGACA 0.000000 0.000000 0.046042 0.046042 0.953958
ACAGC 0.000000 0.000000 0.038462 0.038462 0.961538
AGAGC 0.000000 0.000000 0.059908 0.059908 0.940092
AATCA 0.000000 0.000000 0.021978 0.021978 0.978022
ACACC 0.000000 0.000000 0.000000 0.000000 1.000000
AATGC 0.000000 0.000000 0.037037 0.037037 0.962963
AGACC 0.000000 0.000000 0.026144 0.026144 0.973856
AATCC 0.000000 0.000000 0.000000 0.000000 1.000000
CAGTT 0.000000 0.000000 0.066667 0.066667 0.933333
GTCGT 0.000000 0.000000 0.056300 0.056300 0.943700
AGAGG 0.000000 0.000000 0.000000 0.000000 1.000000
GTCCT 0.000000 0.000000 0.012658 0.012658 0.987342
ACAGG 0.000000 0.000000 0.007645 0.007645 0.992355
AATGG 0.000000 0.000000 0.062500 0.062500 0.937500
ACACG 0.000000 0.000000 0.020408 0.020408 0.979592
AGACG 0.000000 0.000000 0.034794 0.034794 0.965206
TCCGT 0.000000 0.000000 0.059322 0.059322 0.940678
GCTTT 0.000000 0.000000 0.000000 0.000000 1.000000
TGCGT 0.000000 0.000000 0.040816 0.040816 0.959184
AGGAT 0.000000 0.000000 0.027027 0.027027 0.972973
CTCAT 0.000000 0.000000 0.045576 0.045576 0.954424
ACGAT 0.000000 0.000000 0.080986 0.080986 0.919014
TGCCT 0.000000 0.000000 0.140625 0.140625 0.859375
TTTGA 0.000000 0.000000 0.028571 0.028571 0.971429
TTTCA 0.000000 0.000000 0.041096 0.041096 0.958904
TTTGC 0.000000 0.000000 0.057143 0.057143 0.942857
TTTCC 0.000000 0.000000 0.000000 0.000000 1.000000
AGAGT 0.000000 0.000000 0.006369 0.006369 0.993631
ACAGT 0.000000 0.000000 0.044917 0.044917 0.955083
AGACT 0.000000 0.000000 0.068182 0.068182 0.931818
ACACT 0.000000 0.000000 0.080460 0.080460 0.919540
AATGT 0.000000 0.000000 0.032258 0.032258 0.967742
TAATG 0.000000 0.000000 0.029412 0.029412 0.970588
TTTGT 0.000000 0.000000 0.000000 0.000000 1.000000
CGGTA 0.000000 0.000000 0.000000 0.000000 1.000000
CGGTC 0.000000 0.000000 0.000000 0.000000 1.000000
GGATA 0.000000 0.000000 0.058537 0.058537 0.941463
CGGTG 0.000000 0.000000 0.019231 0.019231 0.980769
GGATC 0.000000 0.000000 0.000000 0.000000 1.000000
GATTC 0.000000 0.000000 0.060606 0.060606 0.939394
GGATG 0.000000 0.000000 0.095238 0.095238 0.904762
ACTGA 0.000000 0.000000 0.051095 0.051095 0.948905
AGTGA 0.000000 0.000000 0.010563 0.010563 0.989437
ACTCA 0.000000 0.000000 0.024808 0.024808 0.975192
AGTCA 0.000000 0.000000 0.033167 0.033167 0.966833
ACTGC 0.000000 0.000000 0.034783 0.034783 0.965217
AGTGC 0.000000 0.000000 0.070707 0.070707 0.929293
CGGTT 0.000000 0.000000 0.000000 0.000000 1.000000
ACTCC 0.000000 0.000000 0.071429 0.071429 0.928571
AGTCC 0.000000 0.000000 0.000000 0.000000 1.000000
AGTGG 0.000000 0.000000 0.011236 0.011236 0.988764
ACTGG 0.000000 0.000000 0.038961 0.038961 0.961039
AGTCG 0.000000 0.000000 0.029412 0.029412 0.970588
ACTCG 0.000000 0.000000 0.011824 0.011824 0.988176
GATTT 0.000000 0.000000 0.000000 0.000000 1.000000
CTGTA 0.000000 0.000000 0.033333 0.033333 0.966667
CTGTC 0.000000 0.000000 0.039936 0.039936 0.960064
GTATA 0.000000 0.000000 0.046875 0.046875 0.953125
CTGTG 0.000000 0.000000 0.039474 0.039474 0.960526
GTATC 0.000000 0.000000 0.027157 0.027157 0.972843
ACTGT 0.000000 0.000000 0.013245 0.013245 0.986755
AGTGT 0.000000 0.000000 0.071625 0.071625 0.928375
AGTCT 0.000000 0.000000 0.044156 0.044156 0.955844
ACTCT 0.000000 0.000000 0.030075 0.030075 0.969925
TCATA 0.000000 0.000000 0.036082 0.036082 0.963918
TGATA 0.000000 0.000000 0.032895 0.032895 0.967105
TATTA 0.000000 0.000000 0.000000 0.000000 1.000000
GTATG 0.000000 0.000000 0.050388 0.050388 0.949612
TGATC 0.000000 0.000000 0.032609 0.032609 0.967391
TCATC 0.000000 0.000000 0.037037 0.037037 0.962963
TGATG 0.000000 0.000000 0.040984 0.040984 0.959016
TCATG 0.000000 0.000000 0.031477 0.031477 0.968523
CTGTT 0.000000 0.000000 0.023810 0.023810 0.976190
GTATT 0.000000 0.000000 0.076923 0.076923 0.923077
TGATT 0.000000 0.000000 0.000000 0.000000 1.000000
TCATT 0.000000 0.000000 0.037313 0.037313 0.962687
TATTT 0.000000 0.000000 0.000000 0.000000 1.000000
GGTTA 0.000000 0.000000 0.000000 0.000000 1.000000
GGTTC 0.000000 0.000000 0.049383 0.049383 0.950617
GCCTA 0.000000 0.000000 0.010989 0.010989 0.989011
GCCTC 0.000000 0.000000 0.041885 0.041885 0.958115
GCCTG 0.000000 0.000000 0.010309 0.010309 0.989691
AACGA 0.000000 0.000000 0.000000 0.000000 1.000000
AACCA 0.000000 0.000000 0.035088 0.035088 0.964912
AACGC 0.000000 0.000000 0.047619 0.047619 0.952381
AACCC 0.000000 0.000000 0.000000 0.000000 1.000000
AACGG 0.000000 0.000000 0.014286 0.014286 0.985714
AACCG 0.000000 0.000000 0.017341 0.017341 0.982659
GCCTT 0.000000 0.000000 0.000000 0.000000 1.000000
TTCGA 0.000000 0.000000 0.015789 0.015789 0.984211
GTTTA 0.000000 0.000000 0.014778 0.014778 0.985222
TTCCA 0.000000 0.000000 0.142857 0.142857 0.857143
ATGAA 0.000000 0.000000 0.044304 0.044304 0.955696
TTCGC 0.000000 0.000000 0.017857 0.017857 0.982143
ATGAC 0.000000 0.000000 0.039683 0.039683 0.960317
TTCCC 0.000000 0.000000 0.173913 0.173913 0.826087
TGTTA 0.000000 0.000000 0.076923 0.076923 0.923077
TTCGG 0.000000 0.000000 0.000000 0.000000 1.000000
AACGT 0.000000 0.000000 0.059633 0.059633 0.940367
AACCT 0.000000 0.000000 0.000000 0.000000 1.000000
ATGAG 0.000000 0.000000 0.016187 0.016187 0.983813
TGTTC 0.000000 0.000000 0.040000 0.040000 0.960000
TCTTC 0.000000 0.000000 0.047170 0.047170 0.952830
ATAGA 0.000000 0.000000 0.020683 0.020683 0.979317
ATACA 0.000000 0.000000 0.070747 0.070747 0.929253
ATAGC 0.000000 0.000000 0.065217 0.065217 0.934783
TGTTG 0.000000 0.000000 0.022222 0.022222 0.977778
TCTTG 0.000000 0.000000 0.015873 0.015873 0.984127
ATACC 0.000000 0.000000 0.037897 0.037897 0.962103
ATAGG 0.000000 0.000000 0.009615 0.009615 0.990385
ATACG 0.000000 0.000000 0.018868 0.018868 0.981132
TTCGT 0.000000 0.000000 0.100000 0.100000 0.900000
GTTTT 0.000000 0.000000 0.102041 0.102041 0.897959
TTCCT 0.000000 0.000000 0.000000 0.000000 1.000000
ATGAT 0.000000 0.000000 0.033898 0.033898 0.966102
TCTTT 0.000000 0.000000 0.031250 0.031250 0.968750
TGTTT 0.000000 0.000000 0.166667 0.166667 0.833333
ATAGT 0.000000 0.000000 0.039886 0.039886 0.960114
ATACT 0.000000 0.000000 0.030000 0.030000 0.970000
GACTA 0.000000 0.000000 0.029226 0.029226 0.970774
GACTC 0.000000 0.000000 0.043033 0.043033 0.956967
GACTG 0.000000 0.000000 0.069767 0.069767 0.930233
AGCGA 0.000000 0.000000 0.034843 0.034843 0.965157
ACCGA 0.000000 0.000000 0.006536 0.006536 0.993464
AGCCA 0.000000 0.000000 0.054054 0.054054 0.945946
ACCGC 0.000000 0.000000 0.000000 0.000000 1.000000
AGCGC 0.000000 0.000000 0.040541 0.040541 0.959459
ACCGG 0.000000 0.000000 0.033784 0.033784 0.966216
ACCCG 0.000000 0.000000 0.026087 0.026087 0.973913
GACTT 0.000000 0.000000 0.024390 0.024390 0.975610
GCGGA 0.000000 0.000000 0.013889 0.013889 0.986111
ACCGT 0.000000 0.000000 0.064246 0.064246 0.935754
AGCGT 0.000000 0.000000 0.041551 0.041551 0.958449
GCGCA 0.000000 0.000000 0.012712 0.012712 0.987288
AGCCT 0.000000 0.000000 0.009709 0.009709 0.990291
ACCCT 0.000000 0.000000 0.000000 0.000000 1.000000
GCGCC 0.000000 0.000000 0.146341 0.146341 0.853659
TACTA 0.000000 0.000000 0.019169 0.019169 0.980831
GCGGG 0.000000 0.000000 0.142857 0.142857 0.857143
ATTCA 0.000000 0.000000 0.017699 0.017699 0.982301
CCGAA 0.000000 0.000000 0.044444 0.044444 0.955556
TACTC 0.000000 0.000000 0.028777 0.028777 0.971223
GCGCG 0.000000 0.000000 0.006383 0.006383 0.993617
ATTCC 0.000000 0.000000 0.000000 0.000000 1.000000
CCGAC 0.000000 0.000000 0.044335 0.044335 0.955665
TACTG 0.000000 0.000000 0.023810 0.023810 0.976190
GCAAA 0.000000 0.000000 0.052632 0.052632 0.947368
ATTCG 0.000000 0.000000 0.005525 0.005525 0.994475
CCGAG 0.000000 0.000000 0.016393 0.016393 0.983607
GCAAC 0.000000 0.000000 0.024510 0.024510 0.975490
CCAGC 0.000000 0.000000 0.000000 0.000000 1.000000
GCAAG 0.000000 0.000000 0.008591 0.008591 0.991409
CCACC 0.000000 0.000000 0.090909 0.090909 0.909091
GCGGT 0.000000 0.000000 0.142857 0.142857 0.857143
AAATG 0.000000 0.000000 0.000000 0.000000 1.000000
CCAGG 0.000000 0.000000 0.000000 0.000000 1.000000
GCGCT 0.000000 0.000000 0.016055 0.016055 0.983945
CCACG 0.000000 0.000000 0.000000 0.000000 1.000000
TACTT 0.000000 0.000000 0.000000 0.000000 1.000000
CCGAT 0.000000 0.000000 0.500000 0.500000 0.500000
ATTCT 0.000000 0.000000 0.027778 0.027778 0.972222
TTATA 0.000000 0.000000 0.000000 0.000000 1.000000
GGCTA 0.000000 0.000000 0.131579 0.131579 0.868421
GGCTC 0.000000 0.000000 0.000000 0.000000 1.000000
TTATC 0.000000 0.000000 0.000000 0.000000 1.000000
GCAAT 0.000000 0.000000 0.000000 0.000000 1.000000
CCAGT 0.000000 0.000000 0.042553 0.042553 0.957447
CCACT 0.000000 0.000000 0.000000 0.000000 1.000000
GTCTA 0.000000 0.000000 0.035264 0.035264 0.964736
GAGCA 0.000000 0.000000 0.049296 0.049296 0.950704
GTCTC 0.000000 0.000000 0.014837 0.014837 0.985163
GAGCC 0.000000 0.000000 0.000000 0.000000 1.000000
TCCTA 0.000000 0.000000 0.032967 0.032967 0.967033
TGCTA 0.000000 0.000000 0.064957 0.064957 0.935043
GTCTG 0.000000 0.000000 0.058077 0.058077 0.941923
TCCTC 0.000000 0.000000 0.133333 0.133333 0.866667
CAGAA 0.000000 0.000000 0.027397 0.027397 0.972603
TGCTC 0.000000 0.000000 0.024725 0.024725 0.975275
GAGCG 0.000000 0.000000 0.017713 0.017713 0.982287
CAGAC 0.000000 0.000000 0.047348 0.047348 0.952652
TCCTG 0.000000 0.000000 0.055556 0.055556 0.944444
TGCTG 0.000000 0.000000 0.040000 0.040000 0.960000
GCTAA 0.000000 0.000000 0.000000 0.000000 1.000000
CAGAG 0.000000 0.000000 0.028986 0.028986 0.971014
GAAAC 0.000000 0.000000 0.015873 0.015873 0.984127
ACATA 0.000000 0.000000 0.057082 0.057082 0.942918
AGATA 0.000000 0.000000 0.039519 0.039519 0.960481
AATTA 0.000000 0.000000 0.000000 0.000000 1.000000
CAAGA 0.000000 0.000000 0.040741 0.040741 0.959259
GCTAC 0.000000 0.000000 0.197581 0.197581 0.802419
CAACA 0.000000 0.000000 0.019231 0.019231 0.980769
ACATC 0.000000 0.000000 0.047945 0.047945 0.952055
AGATC 0.000000 0.000000 0.027778 0.027778 0.972222
AATTC 0.000000 0.000000 0.100000 0.100000 0.900000
CCTCA 0.000000 0.000000 0.014706 0.014706 0.985294
CAAGC 0.000000 0.000000 0.038961 0.038961 0.961039
GAAAG 0.000000 0.000000 0.000000 0.000000 1.000000
CCTGC 0.000000 0.000000 0.118644 0.118644 0.881356
CAACC 0.000000 0.000000 0.048387 0.048387 0.951613
GCTAG 0.000000 0.000000 0.024254 0.024254 0.975746
GTCTT 0.000000 0.000000 0.000000 0.000000 1.000000
GAGGT 0.000000 0.000000 0.000000 0.000000 1.000000
ACATG 0.000000 0.000000 0.017094 0.017094 0.982906
AGATG 0.000000 0.000000 0.075472 0.075472 0.924528
CAAGG 0.000000 0.000000 0.018092 0.018092 0.981908
GAGCT 0.000000 0.000000 0.029703 0.029703 0.970297
CAACG 0.000000 0.000000 0.065574 0.065574 0.934426
CCTGG 0.000000 0.000000 0.000000 0.000000 1.000000
CCTCG 0.000000 0.000000 0.012552 0.012552 0.987448
TCCTT 0.000000 0.000000 0.054054 0.054054 0.945946
TGCTT 0.000000 0.000000 0.086957 0.086957 0.913043
CAGAT 0.000000 0.000000 0.038217 0.038217 0.961783
TTTTA 0.000000 0.000000 0.008621 0.008621 0.991379
TTTTC 0.000000 0.000000 0.019417 0.019417 0.980583
GCTAT 0.000000 0.000000 0.011299 0.011299 0.988701
AGATT 0.000000 0.000000 0.000000 0.000000 1.000000
ACATT 0.000000 0.000000 0.000000 0.000000 1.000000
TAGGA 0.000000 0.000000 0.016043 0.016043 0.983957
CAAGT 0.000000 0.000000 0.009709 0.009709 0.990291
TAGCA 0.000000 0.000000 0.045045 0.045045 0.954955
TTTTG 0.000000 0.000000 0.000000 0.000000 1.000000
CAACT 0.000000 0.000000 0.013889 0.013889 0.986111
TAGGC 0.000000 0.000000 0.067797 0.067797 0.932203
CCTGT 0.000000 0.000000 0.118812 0.118812 0.881188
CCTCT 0.000000 0.000000 0.018182 0.018182 0.981818
TAGGG 0.000000 0.000000 0.000000 0.000000 1.000000
TAGCG 0.000000 0.000000 0.024931 0.024931 0.975069
TAAAA 0.000000 0.000000 0.214286 0.214286 0.785714
TAAAC 0.000000 0.000000 0.035714 0.035714 0.964286
TTTTT 0.000000 0.000000 0.024691 0.024691 0.975309
TAGGT 0.000000 0.000000 0.000000 0.000000 1.000000
TAGCT 0.000000 0.000000 0.041322 0.041322 0.958678
GGGGA 0.000000 0.000000 0.029412 0.029412 0.970588
GGGCA 0.000000 0.000000 0.100000 0.100000 0.900000
GGGGC 0.000000 0.000000 0.037037 0.037037 0.962963
GGGCC 0.000000 0.000000 0.031250 0.031250 0.968750
GGGCG 0.000000 0.000000 0.041667 0.041667 0.958333
CGGAC 0.000000 0.000000 0.097222 0.097222 0.902778
ATCGA 0.000000 0.000000 0.020649 0.020649 0.979351
GGAAA 0.000000 0.000000 0.000000 0.000000 1.000000
ATCGC 0.000000 0.000000 0.032258 0.032258 0.967742
GATAA 0.000000 0.000000 0.000000 0.000000 1.000000
CGGAG 0.000000 0.000000 0.000000 0.000000 1.000000
GGAAC 0.000000 0.000000 0.033333 0.033333 0.966667
ACTTA 0.000000 0.000000 0.025000 0.025000 0.975000
CGAGA 0.000000 0.000000 0.007937 0.007937 0.992063
GATAC 0.000000 0.000000 0.087379 0.087379 0.912621
CATGA 0.000000 0.000000 0.037634 0.037634 0.962366
CGACA 0.000000 0.000000 0.027567 0.027567 0.972433
AGTTC 0.000000 0.000000 0.009346 0.009346 0.990654
ATCCG 0.000000 0.000000 0.025510 0.025510 0.974490
CGAGC 0.000000 0.000000 0.023923 0.023923 0.976077
CATCA 0.000000 0.000000 0.029255 0.029255 0.970745
CGACC 0.000000 0.000000 0.000000 0.000000 1.000000
GGAAG 0.000000 0.000000 0.095238 0.095238 0.904762
CATGC 0.000000 0.000000 0.019608 0.019608 0.980392
CATCC 0.000000 0.000000 0.009259 0.009259 0.990741
GATAG 0.000000 0.000000 0.031496 0.031496 0.968504
AGTTG 0.000000 0.000000 0.000000 0.000000 1.000000
GGGCT 0.000000 0.000000 0.066667 0.066667 0.933333
ACTTG 0.000000 0.000000 0.000000 0.000000 1.000000
CATGG 0.000000 0.000000 0.000000 0.000000 1.000000
CGACG 0.000000 0.000000 0.032773 0.032773 0.967227
CATCG 0.000000 0.000000 0.030380 0.030380 0.969620
CGGAT 0.000000 0.000000 0.000000 0.000000 1.000000
GTGGA 0.000000 0.000000 0.000000 0.000000 1.000000
GTGCA 0.000000 0.000000 0.021739 0.021739 0.978261
ATCGT 0.000000 0.000000 0.046961 0.046961 0.953039
ATCCT 0.000000 0.000000 0.052632 0.052632 0.947368
GGAAT 0.000000 0.000000 0.000000 0.000000 1.000000
GTGCC 0.000000 0.000000 0.012658 0.012658 0.987342
GATAT 0.000000 0.000000 0.061972 0.061972 0.938028
TCGGA 0.000000 0.000000 0.000000 0.000000 1.000000
TGGGA 0.000000 0.000000 0.040000 0.040000 0.960000
CTGAA 0.000000 0.000000 0.038462 0.038462 0.961538
GTGGG 0.000000 0.000000 0.020000 0.020000 0.980000
AGTTT 0.000000 0.000000 0.000000 0.000000 1.000000
CGAGT 0.000000 0.000000 0.014286 0.014286 0.985714
TCGCA 0.000000 0.000000 0.033654 0.033654 0.966346
ACTTT 0.000000 0.000000 0.127660 0.127660 0.872340
TGGGC 0.000000 0.000000 0.038462 0.038462 0.961538
CATGT 0.000000 0.000000 0.069182 0.069182 0.930818
GTGCG 0.000000 0.000000 0.021176 0.021176 0.978824
CGACT 0.000000 0.000000 0.060790 0.060790 0.939210
CTGAC 0.000000 0.000000 0.039216 0.039216 0.960784
CATCT 0.000000 0.000000 0.029810 0.029810 0.970190
TCGCC 0.000000 0.000000 0.008696 0.008696 0.991304
GTAAA 0.000000 0.000000 0.000000 0.000000 1.000000
TGGGG 0.000000 0.000000 0.000000 0.000000 1.000000
CTGAG 0.000000 0.000000 0.019512 0.019512 0.980488
TCGCG 0.000000 0.000000 0.059783 0.059783 0.940217
TGGCG 0.000000 0.000000 0.011236 0.011236 0.988764
GTAAC 0.000000 0.000000 0.070588 0.070588 0.929412
CTAGA 0.000000 0.000000 0.020192 0.020192 0.979808
CTACA 0.000000 0.000000 0.037681 0.037681 0.962319
TCAAA 0.000000 0.000000 0.083333 0.083333 0.916667
CTAGC 0.000000 0.000000 0.050000 0.050000 0.950000
GTAAG 0.000000 0.000000 0.038462 0.038462 0.961538
TATAA 0.000000 0.000000 0.012048 0.012048 0.987952
CTACC 0.000000 0.000000 0.019231 0.019231 0.980769
TCAAC 0.000000 0.000000 0.065217 0.065217 0.934783
TGAAC 0.000000 0.000000 0.048544 0.048544 0.951456
TATAC 0.000000 0.000000 0.087558 0.087558 0.912442
GTGGT 0.000000 0.000000 0.050000 0.050000 0.950000
GTGCT 0.000000 0.000000 0.034530 0.034530 0.965470
CTAGG 0.000000 0.000000 0.022222 0.022222 0.977778
CTACG 0.000000 0.000000 0.013793 0.013793 0.986207
TCAAG 0.000000 0.000000 0.005000 0.005000 0.995000
TATAG 0.000000 0.000000 0.026627 0.026627 0.973373
TCGGT 0.000000 0.000000 0.136364 0.136364 0.863636
TCGCT 0.000000 0.000000 0.037037 0.037037 0.962963
CTGAT 0.000000 0.000000 0.010000 0.010000 0.990000
TGGCT 0.000000 0.000000 0.021739 0.021739 0.978261
GTAAT 0.000000 0.000000 0.000000 0.000000 1.000000
CTAGT 0.000000 0.000000 0.036932 0.036932 0.963068
CTACT 0.000000 0.000000 0.050847 0.050847 0.949153
TGAAT 0.000000 0.000000 0.038136 0.038136 0.961864
TATAT 0.000000 0.000000 0.095918 0.095918 0.904082
GGTAA 0.000000 0.000000 0.500000 0.500000 0.500000
CGTGA 0.000000 0.000000 0.032815 0.032815 0.967185
GCCAA 0.000000 0.000000 0.000000 0.000000 1.000000
CGTCA 0.000000 0.000000 0.035103 0.035103 0.964897
CGTGC 0.000000 0.000000 0.024306 0.024306 0.975694
CGTCC 0.000000 0.000000 0.000000 0.000000 1.000000
GCCAC 0.000000 0.000000 0.000000 0.000000 1.000000
AACTA 0.000000 0.000000 0.000000 0.000000 1.000000
GGTAG 0.000000 0.000000 0.000000 0.000000 1.000000
AACTC 0.000000 0.000000 0.028689 0.028689 0.971311
CCCCA 0.000000 0.000000 0.034188 0.034188 0.965812
CGTGG 0.000000 0.000000 0.000000 0.000000 1.000000
CGTCG 0.000000 0.000000 0.019780 0.019780 0.980220
CCCCC 0.000000 0.000000 0.119658 0.119658 0.880342
AACTG 0.000000 0.000000 0.102041 0.102041 0.897959
CCCGG 0.000000 0.000000 0.000000 0.000000 1.000000
TTCTA 0.000000 0.000000 0.018072 0.018072 0.981928
TTCTC 0.000000 0.000000 0.028571 0.028571 0.971429
CGTGT 0.000000 0.000000 0.055210 0.055210 0.944790
GCCAT 0.000000 0.000000 0.081633 0.081633 0.918367
CGTCT 0.000000 0.000000 0.093651 0.093651 0.906349
AACTT 0.000000 0.000000 0.111111 0.111111 0.888889
CCCGT 0.000000 0.000000 0.016393 0.016393 0.983607
CCCCT 0.000000 0.000000 0.023529 0.023529 0.976471
ATATA 0.000000 0.000000 0.041412 0.041412 0.958588
GTTAC 0.000000 0.000000 0.083333 0.083333 0.916667
ATATC 0.000000 0.000000 0.022388 0.022388 0.977612
CTTCA 0.000000 0.000000 0.042683 0.042683 0.957317
TGTAA 0.000000 0.000000 0.250000 0.250000 0.750000
CTTGC 0.000000 0.000000 0.063830 0.063830 0.936170
CTTCC 0.000000 0.000000 0.000000 0.000000 1.000000
TCTAC 0.000000 0.000000 0.084071 0.084071 0.915929
ATATG 0.000000 0.000000 0.057276 0.057276 0.942724
TGTAC 0.000000 0.000000 0.105263 0.105263 0.894737
CTTGG 0.000000 0.000000 0.000000 0.000000 1.000000
CTTCG 0.000000 0.000000 0.039823 0.039823 0.960177
TGTAG 0.000000 0.000000 0.027237 0.027237 0.972763
TTCTT 0.000000 0.000000 0.000000 0.000000 1.000000
TCTAG 0.000000 0.000000 0.029240 0.029240 0.970760
ATATT 0.000000 0.000000 0.111111 0.111111 0.888889
CTTGT 0.000000 0.000000 0.181818 0.181818 0.818182
CTTCT 0.000000 0.000000 0.000000 0.000000 1.000000
TCTAT 0.000000 0.000000 0.045113 0.045113 0.954887
TGTAT 0.000000 0.000000 0.062950 0.062950 0.937050
GACAA 0.000000 0.000000 0.026786 0.026786 0.973214
AGCTA 0.000000 0.000000 0.053476 0.053476 0.946524
GACAC 0.000000 0.000000 0.059783 0.059783 0.940217
ACCTA 0.000000 0.000000 0.061404 0.061404 0.938596
AVG 0.000000 0.000000 0.041377 0.041377 0.958623
