CACGA	24966	0.000000	0.000000	0.000000	0.000000	1.000000
AGCTC	27807	0.000000	0.000000	0.000977	0.000977	0.999023
ACCTC	11039	0.000001	0.508789	0.000244	0.509034	0.490966
CACGC	7407	0.000000	0.000248	0.000000	0.000248	0.999752
CACCC	3463	0.000000	0.000977	0.031250	0.032227	0.967773
GACAG	61672	0.001758	0.000000	0.000002	0.001760	0.998240
ACCTG	9932	0.000488	0.000000	0.375000	0.375488	0.624512
AGCTG	22689	0.000049	0.015629	0.000122	0.015800	0.984200
CACGG	3470	0.000000	0.189453	0.000017	0.189470	0.810530
CACCG	7000	0.000000	0.000122	0.031746	0.031869	0.968131
GACAT	51669	0.000000	0.000041	0.000168	0.000209	0.999791
GCGTA	20955	0.000000	0.007812	0.000015	0.007828	0.992172
AGCTT	6866	0.000000	0.000002	0.218750	0.218752	0.781248
ACCTT	6888	0.000000	0.015625	0.078125	0.093750	0.906250
GCGTC	15310	0.000000	0.000000	0.000000	0.000000	1.000000
CACGT	27184	0.000003	0.125000	0.000019	0.125022	0.874978
CACCT	3475	0.000000	0.066909	0.031250	0.098159	0.901841
ATTTA	1862	0.000000	0.003906	0.015686	0.019592	0.980408
GCGTG	16718	0.000000	0.093812	0.010427	0.104239	0.895761
AAGGA	1888	0.000244	0.000000	0.062500	0.062745	0.937255
AAGCA	5845	0.000000	0.000000	0.250000	0.250000	0.750000
ATTTG	5496	0.000000	0.125000	0.000250	0.125250	0.874750
AAGGC	26944	0.062500	0.015626	0.000977	0.079103	0.920897
TACAA	12448	0.000651	0.015625	0.000008	0.016284	0.983716
AAGCC	5352	0.000000	0.078125	0.125977	0.204102	0.795898
TACAC	29031	0.000000	0.000000	0.000000	0.000000	1.000000
CCATA	11033	0.000244	0.062500	0.016764	0.079509	0.920491
AAGGG	1746	0.000000	0.000000	0.500488	0.500488	0.499512
CCATC	16414	0.000000	0.071779	0.035789	0.107567	0.892433
TACAG	53087	0.000000	0.000000	0.062506	0.062506	0.937494
GCGTT	3436	0.000000	0.000000	0.031250	0.031250	0.968750
CCATG	7879	0.000000	0.000000	0.000016	0.000016	0.999984
AAAAA	10311	0.000000	0.380475	0.093753	0.474228	0.525772
TTGGA	1745	0.000000	0.004166	0.000000	0.004166	0.995834
AAAAC	3893	0.000000	0.066406	0.000000	0.066406	0.933594
TTGCA	3467	0.000000	0.000000	0.031250	0.031250	0.968750
ATTTT	5205	0.000000	0.000259	0.000000	0.000259	0.999741
TTGGC	3460	0.000000	0.003909	0.156250	0.160159	0.839841
TTGCC	10456	0.000000	0.000652	0.052086	0.052739	0.947261
AAGGT	4056	0.000000	0.031250	0.250763	0.282013	0.717987
TACAT	13087	0.000000	0.015625	0.000000	0.015625	0.984375
CCATT	2909	0.000000	0.000000	0.250015	0.250015	0.749985
GGCAA	12207	0.000000	0.000081	0.062520	0.062602	0.937398
TTAAA	3427	0.000000	0.000000	0.156250	0.156250	0.843750
TTAAC	4713	0.000000	0.003906	0.015626	0.019532	0.980468
GGCAC	10204	0.000000	0.015626	0.000031	0.015656	0.984344
CGCGA	10605	0.000000	0.000000	0.000000	0.000000	1.000000
CGCCA	4385	0.031255	0.250002	0.000006	0.281263	0.718737
CGCGC	26573	0.000000	0.054688	0.005210	0.059898	0.940102
GGCAG	5290	0.000000	0.000244	0.074243	0.074487	0.925513
AAAAT	3468	0.000000	0.070442	0.156250	0.226692	0.773308
CGCCC	3491	0.000004	0.500550	0.031250	0.531804	0.468196
CGCGG	889	0.000122	0.000000	0.031250	0.031373	0.968627
TTGCT	3459	0.000004	0.005862	0.531372	0.537238	0.462762
CGCCG	10254	0.000000	0.085307	0.000326	0.085632	0.914368
GGCAT	1747	0.000488	0.000000	0.001953	0.002441	0.997559
GAGTA	12083	0.000000	0.000244	0.000000	0.000244	0.999756
CGCGT	23196	0.000000	0.010417	0.005219	0.015636	0.984364
GAGTC	34909	0.002615	0.006348	0.000010	0.008972	0.991028
CGCCT	3776	0.003906	0.064453	0.000000	0.068359	0.931641
GAGTG	25689	0.000000	0.023438	0.000000	0.023438	0.976562
GTCAA	5336	0.000000	0.001953	0.007813	0.009766	0.990234
GTCAC	41489	0.000000	0.000000	0.004885	0.004885	0.995115
AGGGA	5843	0.000000	0.500492	0.003906	0.504398	0.495602
CTCGA	47697	0.003907	0.003906	0.000637	0.008450	0.991550
ACGGA	18436	0.000000	0.000000	0.021484	0.021484	0.978516
AGGCA	22477	0.000000	0.015626	0.000031	0.015656	0.984344
ACGCA	24290	0.000000	0.000489	0.000008	0.000496	0.999504
AGGGC	8863	0.000041	0.000053	0.006738	0.006832	0.993168
TGCAA	13331	0.000031	0.000326	0.000427	0.000783	0.999217
CTCGC	18697	0.000000	0.000000	0.000000	0.000000	1.000000
ACGCC	2918	0.000244	0.000000	0.000000	0.000244	0.999756
AGGCC	11006	0.000000	0.002197	0.001971	0.004168	0.995832
GTCAG	52105	0.000000	0.000000	0.037109	0.037109	0.962891
CAATA	2026	0.000000	0.039064	0.125000	0.164064	0.835936
TCCAC	3443	0.000000	0.000031	0.031260	0.031290	0.968710
TGCAC	13795	0.007813	0.000031	0.000001	0.007844	0.992156
CCTTA	3464	0.000000	0.000000	0.156252	0.156252	0.843748
ACGGG	7804	0.000000	0.031250	0.000000	0.031250	0.968750
CTCGG	5217	0.000000	0.000488	0.000000	0.000488	0.999512
CAATC	6905	0.000000	0.031250	0.000000	0.031250	0.968750
CTCCG	5596	0.000081	0.001548	0.003906	0.005536	0.994464
AGGCG	10064	0.000122	0.000000	0.000000	0.000122	0.999878
ACGCG	19083	0.000000	0.000000	0.000000	0.000000	1.000000
CCTTC	7303	0.000000	0.000000	0.000031	0.000031	0.999969
TCCAG	1803	0.000000	0.003906	0.000489	0.004395	0.995605
TGCAG	32229	0.000195	0.000000	0.000496	0.000691	0.999309
GAGTT	11534	0.001953	0.000244	0.000000	0.002197	0.997803
ACAAA	24860	0.000000	0.000005	0.063481	0.063486	0.936514
AGAAA	10162	0.000000	0.000000	0.000000	0.000000	1.000000
CCTTG	3511	0.000000	0.000000	0.000000	0.000000	1.000000
AATAA	7572	0.000000	0.000122	0.001953	0.002075	0.997925
AGAAC	9099	0.000000	0.000000	0.250000	0.250000	0.750000
ACAAC	23335	0.000000	0.007813	0.000023	0.007836	0.992164
AATAC	5513	0.000000	0.003906	0.008789	0.012695	0.987305
GTCAT	44951	0.000000	0.005208	0.250112	0.255320	0.744680
ACAAG	24546	0.000651	0.257813	0.093777	0.352241	0.647759
AGAAG	10185	0.000000	0.003907	0.000000	0.003907	0.996093
AATAG	6456	0.000000	0.000244	0.000000	0.000244	0.999756
AGGGT	3494	0.000000	0.000000	0.000000	0.000000	1.000000
CTCGT	86945	0.000000	0.013042	0.171997	0.185039	0.814961
ACGCT	13017	0.000000	0.000082	0.009279	0.009360	0.990640
AGGCT	1743	0.000000	0.000488	0.004883	0.005371	0.994629
CTCCT	3830	0.000000	0.002014	0.067383	0.069397	0.930603
TCCAT	2645	0.000000	0.125000	0.005859	0.130860	0.869140
TGCAT	31544	0.000000	0.202345	0.050014	0.252359	0.747641
TAGTA	35865	0.000008	0.000000	0.083354	0.083361	0.916639
CAATT	5800	0.000000	0.172856	0.000000	0.172856	0.827144
TAGTC	41230	0.000000	0.000163	0.000004	0.000167	0.999833
CCTTT	3430	0.000000	0.000001	0.140625	0.140626	0.859374
TTTAA	1798	0.007812	0.003906	0.000061	0.011780	0.988220
TTTAC	3426	0.000000	0.125019	0.000002	0.125021	0.874979
TAGTG	61254	0.075012	0.053582	0.036529	0.165123	0.834877
ACAAT	7571	0.000000	0.066406	0.000000	0.066406	0.933594
AGAAT	9012	0.003149	0.000977	0.032228	0.036353	0.963647
AATAT	2904	0.000000	0.000488	0.000000	0.000488	0.999512
TTTAG	3462	0.000000	0.128906	0.000034	0.128941	0.871059
TAGTT	7926	0.000000	0.250000	0.000248	0.250248	0.749752
TTTAT	8760	0.000000	0.000004	0.000244	0.000248	0.999752
GGGTC	3432	0.000000	0.000977	0.000000	0.000977	0.999023
GGGTG	3473	0.000000	0.000000	0.000000	0.000000	1.000000
ATCTA	35354	0.000000	0.084719	0.083378	0.168097	0.831903
ATCTC	55893	0.000287	0.023520	0.020833	0.044640	0.955360
CGATA	33474	0.010417	0.110417	0.001569	0.122402	0.877598
CATTA	10237	0.000000	0.078125	0.000031	0.078156	0.921844
ATCTG	23870	0.000000	0.000000	0.020833	0.020834	0.979166
CGATC	28343	0.000000	0.003967	0.071289	0.075256	0.924744
CATTC	19002	0.000000	0.000000	0.018885	0.018885	0.981115
CGATG	32721	0.000000	0.000031	0.000490	0.000521	0.999479
AGTAA	1742	0.000000	0.000000	0.001221	0.001221	0.998779
ACTAA	9568	0.000010	0.000000	0.000488	0.000498	0.999502
AGTAC	29722	0.000000	0.000000	0.000692	0.000692	0.999308
ACTAC	20556	0.000000	0.125000	0.000000	0.125000	0.875000
GTGTA	85196	0.007816	0.000146	0.000419	0.008381	0.991619
AGTAG	31747	0.000041	0.000000	0.000015	0.000056	0.999944
ACTAG	28749	0.166666	0.000000	0.031494	0.198161	0.801839
GTGTC	49155	0.000000	0.040737	0.001225	0.041962	0.958038
TGGTA	1752	0.000000	0.500492	0.000000	0.500492	0.499508
TCGTA	45325	0.000000	0.000031	0.067391	0.067422	0.932578
CGATT	3759	0.000000	0.000000	0.062500	0.062500	0.937500
GTGTG	60630	0.027778	0.106785	0.001068	0.135630	0.864370
CATTT	5288	0.000000	0.003906	0.000000	0.003907	0.996093
TCGTC	63079	0.000000	0.003906	0.000488	0.004395	0.995605
TGGTC	3448	0.000000	0.000000	0.500000	0.500000	0.500000
TCGTG	73990	0.000178	0.135475	0.059466	0.195119	0.804881
CTATA	14767	0.000000	0.000001	0.001984	0.001984	0.998016
AGTAT	28756	0.000000	0.000081	0.000000	0.000081	0.999919
ACTAT	25577	0.000000	0.007844	0.000000	0.007844	0.992156
CTATC	47609	0.000000	0.047008	0.084738	0.131745	0.868255
GTGTT	3440	0.000000	0.000019	0.156319	0.156338	0.843662
CTATG	2037	0.000000	0.000000	0.000000	0.000000	1.000000
TCGTT	6874	0.000000	0.000244	0.093781	0.094026	0.905974
CTATT	3447	0.000000	0.000000	0.125496	0.125496	0.874504
CGTTC	10717	0.000000	0.000001	0.000002	0.000003	0.999997
CCCTA	3489	0.000000	0.000000	0.412598	0.412598	0.587402
CCCTC	5230	0.000000	0.003907	0.000000	0.003907	0.996093
CCCTG	6891	0.000326	0.007813	0.160498	0.168636	0.831364
AACAA	40070	0.000000	0.010417	0.000013	0.010430	0.989570
AACAC	6411	0.000000	0.000015	0.250488	0.250504	0.749496
AACAG	26649	0.000000	0.000001	0.000000	0.000001	0.999999
CGTTT	3429	0.000000	0.000000	0.125000	0.125000	0.875000
ATGGA	13697	0.000041	0.100139	0.000195	0.100375	0.899625
ATGCA	22280	0.000000	0.002937	0.015656	0.018593	0.981407
CCCTT	3436	0.000000	0.003907	0.140625	0.144532	0.855468
TTCAA	5232	0.000488	0.000656	0.067872	0.069016	0.930984
ATGCC	17111	0.000000	0.064454	0.000000	0.064454	0.935546
TTCAC	6912	0.000000	0.017580	0.453217	0.470797	0.529203
CTTTA	3489	0.000977	0.031250	0.125000	0.157227	0.842773
CTTTC	1782	0.000000	0.000259	0.001953	0.002213	0.997787
ATGCG	13119	0.000000	0.000000	0.000000	0.000000	1.000000
AACAT	21580	0.000019	0.167482	0.010457	0.177959	0.822041
TTCAG	6421	0.000000	0.000130	0.000000	0.000130	0.999870
ATAAA	2021	0.000000	0.033203	0.125000	0.158203	0.841797
CTTTG	10598	0.015640	0.000651	0.067710	0.084001	0.915999
ATAAG	22258	0.000004	0.129029	0.009041	0.138074	0.861926
ATGCT	19520	0.006641	0.036133	0.005860	0.048634	0.951366
TTCAT	15807	0.000000	0.000000	0.128906	0.128906	0.871094
CTTTT	3427	0.000000	0.000019	0.125000	0.125019	0.874981
ATAAT	3459	0.000000	0.003914	0.156254	0.160168	0.839832
CACTA	27925	0.015625	0.000000	0.000031	0.015656	0.984344
CACTC	49915	0.063274	0.056714	0.065918	0.185906	0.814094
CACTG	17858	0.000732	0.000000	0.000122	0.000854	0.999146
ACCAA	1739	0.000000	0.000000	0.031250	0.031250	0.968750
AGCAA	2015	0.000000	0.062500	0.015625	0.078125	0.921875
AGCAC	15860	0.000163	0.000163	0.010742	0.011068	0.988932
ACCAC	3440	0.000000	0.000000	0.046875	0.046875	0.953125
AGCAG	35973	0.000244	0.005865	0.000010	0.006119	0.993881
ACCAG	8976	0.000000	0.000002	0.023438	0.023440	0.976560
CACTT	3458	0.000000	0.000000	0.160156	0.160156	0.839844
GCGAA	13639	0.000000	0.078125	0.000000	0.078125	0.921875
AGCAT	14592	0.062500	0.001302	0.010417	0.074219	0.925781
ACCAT	22427	0.000000	0.050440	0.001668	0.052108	0.947892
AAGTA	10236	0.000000	0.500001	0.000000	0.500001	0.499999
GCGAC	40108	0.000000	0.000122	0.000000	0.000123	0.999877
CCGGA	1744	0.000000	0.000000	0.000000	0.000000	1.000000
AAGTC	5225	0.003906	0.000000	0.084646	0.088552	0.911448
ATTAA	6344	0.000000	0.000010	0.003906	0.003916	0.996084
GCGAG	12367	0.000000	0.125000	0.000000	0.125000	0.875000
ATTAC	2632	0.000000	0.500012	0.000000	0.500012	0.499988
AAGTG	5542	0.000000	0.000000	0.000977	0.000977	0.999023
GCAGA	20914	0.000000	0.000031	0.000000	0.000031	0.999969
GCACA	8897	0.084152	0.009766	0.250182	0.344100	0.655900
CCGGG	12483	0.000000	0.125382	0.021488	0.146870	0.853130
CCGCG	3514	0.000000	0.250000	0.008305	0.258305	0.741695
GCAGC	37793	0.000000	0.005875	0.000041	0.005915	0.994085
ATTAG	5570	0.000000	0.015625	0.000031	0.015656	0.984344
GCACC	3450	0.000000	0.066909	0.132813	0.199721	0.800279
GCAGG	1750	0.000122	0.003907	0.000000	0.004029	0.995971
GCACG	27189	0.031250	0.000488	0.001953	0.033691	0.966309
TTGTA	3454	0.000000	0.000000	0.125001	0.125001	0.874999
CCAAC	15512	0.000000	0.039125	0.000000	0.039125	0.960875
TTGTC	3430	0.000000	0.000000	0.125000	0.125000	0.875000
GCGAT	11151	0.000000	0.000000	0.000000	0.000000	1.000000
CCAAG	3465	0.000001	0.000000	0.000245	0.000246	0.999754
AAGTT	4361	0.000000	0.062630	0.000244	0.062874	0.937126
TTGTG	3436	0.000000	0.000000	0.656250	0.656250	0.343750
CCGGT	3492	0.000000	0.000366	0.250000	0.250366	0.749634
CCGCT	3765	0.000008	0.003906	0.500244	0.504158	0.495842
GCAGT	39358	0.000000	0.000000	0.005290	0.005290	0.994710
GCACT	28173	0.000977	0.005534	0.083333	0.089844	0.910156
CGCTA	11197	0.000000	0.000122	0.009033	0.009155	0.990845
CGCTC	22337	0.000000	0.000977	0.015869	0.016846	0.983154
CCAAT	5196	0.000008	0.000000	0.031250	0.031258	0.968742
TTGTT	3453	0.000000	0.003906	0.156372	0.160278	0.839722
CGCTG	20885	0.000122	0.000000	0.001302	0.001424	0.998576
CGCTT	3442	0.000000	0.003909	0.132813	0.136721	0.863279
GAGAC	16651	0.000000	0.000000	0.000000	0.000000	1.000000
ACGTA	30149	0.000000	0.015625	0.000000	0.015625	0.984375
CTCTA	18197	0.072080	0.039230	0.001953	0.113263	0.886737
CAGGA	20566	0.000000	0.000081	0.000005	0.000086	0.999914
CAGCA	29716	0.000020	0.000984	0.000000	0.001005	0.998995
AGGTC	3427	0.062500	0.750001	0.031250	0.843751	0.156249
CTCTC	42493	0.000293	0.130143	0.063086	0.193522	0.806478
ACGTC	38559	0.000000	0.000000	0.000000	0.000000	1.000000
CAGGC	12899	0.000000	0.000000	0.001302	0.001302	0.998698
GAGAG	8298	0.000000	0.135377	0.000000	0.135377	0.864623
AGGTG	2039	0.000000	0.062500	0.007828	0.070328	0.929672
ACGTG	31253	0.000001	0.067262	0.002197	0.069460	0.930540
CTCTG	22469	0.000000	0.000000	0.001953	0.001953	0.998047
GAACA	26695	0.000000	0.167197	0.098999	0.266196	0.733804
CAGGG	12797	0.000000	0.067790	0.010447	0.078238	0.921762
GCTGA	27595	0.000000	0.000003	0.000000	0.000003	0.999997
CAGCG	13007	0.000000	0.039078	0.250000	0.289078	0.710922
GAAGC	2024	0.000000	0.062500	0.016602	0.079102	0.920898
GCTCA	17763	0.015625	0.006523	0.003499	0.025647	0.974353
GAACC	12317	0.250977	0.000000	0.250000	0.500977	0.499023
GCTGC	9094	0.000000	0.000000	0.004395	0.004395	0.995605
GAAGG	1894	0.000000	0.000000	0.000244	0.000244	0.999756
CAAAA	1741	0.000000	0.001953	0.066406	0.068359	0.931641
CCTAA	1744	0.000000	0.031250	0.000000	0.031250	0.968750
GAACG	18687	0.000000	0.001312	0.084311	0.085623	0.914377
GCTGG	3765	0.000000	0.502445	0.000000	0.502446	0.497554
CAAAC	35004	0.003528	0.000000	0.034498	0.038026	0.961974
GCTCG	51608	0.000024	0.000000	0.002441	0.002466	0.997534
CCTAC	6938	0.000000	0.000977	0.000122	0.001099	0.998901
GAGAT	26105	0.000000	0.000000	0.000000	0.000000	1.000000
CAAAG	1766	0.000000	0.000015	0.250000	0.250015	0.749985
ACGTT	1775	0.000000	0.000001	0.000002	0.000003	0.999997
AGGTT	10077	0.000000	0.000000	0.125000	0.125000	0.875000
CTCTT	3449	0.000000	0.004397	0.156250	0.160647	0.839353
CCTAG	6941	0.000244	0.000000	0.015633	0.015877	0.984123
CAGGT	7898	0.000005	0.100000	0.000208	0.100214	0.899786
CAGCT	31207	0.000000	0.062500	0.500126	0.562626	0.437374
GAAGT	10164	0.000000	0.000001	0.000000	0.000001	0.999999
GAACT	6711	0.000000	0.083334	0.000087	0.083421	0.916579
GCTGT	21336	0.020833	0.002539	0.000073	0.023446	0.976554
GCTCT	13874	0.000000	0.000000	0.000002	0.000002	0.999998
TAGAA	17509	0.000000	0.000000	0.000000	0.000000	1.000000
TAGAC	39367	0.000000	0.000000	0.007874	0.007874	0.992126
CCTAT	6891	0.000000	0.000000	0.268681	0.268681	0.731319
TAGAG	25931	0.000001	0.000000	0.000656	0.000657	0.999343
TAAGA	17102	0.000000	0.125367	0.000977	0.126344	0.873656
TAACA	6985	0.001953	0.000010	0.000000	0.001963	0.998037
TAACC	3556	0.000061	0.003907	0.000000	0.003968	0.996032
TAAGG	11647	0.000000	0.000001	0.018066	0.018067	0.981933
TAACG	3542	0.083333	0.250001	0.000153	0.333486	0.666514
TAGAT	40514	0.018136	0.003606	0.000010	0.021752	0.978248
GGGAC	16736	0.000000	0.000000	0.020833	0.020833	0.979167
CGGGA	11093	0.000781	0.000061	0.019531	0.020374	0.979626
CGGGC	3774	0.000977	0.000000	0.007828	0.008805	0.991195
TAAGT	4684	0.000002	0.000000	0.000000	0.000002	0.999998
TAACT	2019	0.000000	0.062500	0.000252	0.062752	0.937248
ATCAA	7139	0.000000	0.035172	0.000000	0.035172	0.964828
CGGGG	3765	0.000000	0.000733	0.000015	0.000748	0.999252
GGACA	27691	0.000000	0.001594	0.031250	0.032844	0.967156
GATGA	41990	0.001563	0.000008	0.000612	0.002182	0.997818
GATCA	21763	0.000000	0.000000	0.000004	0.000004	0.999996
GATGC	13925	0.000000	0.000000	0.000000	0.000000	1.000000
ATCAC	24217	0.000000	0.000001	0.000000	0.000001	0.999999
GGACC	23908	0.000000	0.000050	0.062076	0.062125	0.937875
CGAAA	1868	0.000000	0.078125	0.000000	0.078125	0.921875
GGACG	9385	0.000000	0.000244	0.000000	0.000244	0.999756
GATGG	5509	0.000000	0.258303	0.000000	0.258303	0.741697
CATAA	7225	0.000000	0.125246	0.000000	0.125246	0.874754
ATCAG	38729	0.000000	0.033203	0.000000	0.033204	0.966796
CGAAC	39277	0.000000	0.000549	0.001953	0.002502	0.997498
GATCG	37719	0.000003	0.000025	0.100000	0.100027	0.899973
CATAC	32695	0.000000	0.007813	0.000000	0.007813	0.992187
GGGAT	10397	0.000000	0.125184	0.001107	0.126291	0.873709
CGAAG	1877	0.000000	0.000000	0.003174	0.003174	0.996826
CATAG	17007	0.000000	0.003906	0.000994	0.004901	0.995099
CGGGT	3444	0.000000	0.032227	0.500000	0.532227	0.467773
GTGAA	8427	0.000000	0.001953	0.000000	0.001953	0.998047
GGAGT	6882	0.000000	0.001961	0.031254	0.033215	0.966785
GGACT	10204	0.000000	0.000000	0.000010	0.000010	0.999990
GATGT	50591	0.000000	0.000140	0.000010	0.000149	0.999851
ATCAT	33039	0.000000	0.000000	0.000127	0.000127	0.999873
GTGAC	37564	0.000000	0.000000	0.166993	0.166993	0.833007
GATCT	19785	0.000000	0.005208	0.041748	0.046956	0.953044
CTGGA	7482	0.000000	0.019539	0.250000	0.269539	0.730461
CTGCA	28598	0.002604	0.031372	0.000000	0.033976	0.966024
TGGAA	7262	0.033205	0.166831	0.083374	0.283410	0.716590
TCGAA	16649	0.000000	0.000000	0.039063	0.039064	0.960936
CTGGC	5340	0.000000	0.125000	0.250244	0.375244	0.624756
CGAAT	17263	0.000140	0.000732	0.021170	0.022042	0.977958
GTGAG	45965	0.001953	0.010579	0.000020	0.012553	0.987447
TGGAC	13944	0.000000	0.001470	0.000488	0.001958	0.998042
CATAT	30273	0.000163	0.009783	0.000000	0.009946	0.990054
TCGAC	84037	0.000000	0.000000	0.000741	0.000741	0.999259
GTAGA	28664	0.000008	0.000651	0.000000	0.000659	0.999341
GTACA	25319	0.083333	0.000000	0.000004	0.083337	0.916663
CTGGG	8711	0.000000	0.006109	0.028646	0.034755	0.965245
GTAGC	37658	0.000000	0.000000	0.000000	0.000000	1.000000
CTGCG	10729	0.000008	0.000002	0.000000	0.000010	0.999990
GTACC	3512	0.041667	0.008301	0.000031	0.049998	0.950002
TCGAG	14122	0.000000	0.000015	0.002441	0.002457	0.997543
TGGAG	3434	0.000000	0.003922	0.031250	0.035172	0.964828
TGAGA	18491	0.000000	0.000000	0.000000	0.000000	1.000000
TCAGA	44300	0.000031	0.010417	0.000000	0.010448	0.989552
GTAGG	6483	0.000001	0.000000	0.000000	0.000001	0.999999
TATGA	16963	0.000031	0.000000	0.000000	0.000031	0.999969
CTAAA	2020	0.000000	0.000000	0.000000	0.000000	1.000000
TGACA	13769	0.003255	0.001953	0.031376	0.036584	0.963416
TCACA	45004	0.004395	0.041669	0.020884	0.066948	0.933052
TCAGC	19426	0.000000	0.000000	0.000000	0.000000	1.000000
TGAGC	40217	0.000000	0.000000	0.250004	0.250004	0.749996
TATCA	31575	0.002604	0.000977	0.000000	0.003581	0.996419
GTACG	47041	0.000000	0.000000	0.000000	0.000000	1.000000
CTAAC	2021	0.000000	0.039063	0.000000	0.039063	0.960937
TATGC	16585	0.000015	0.000000	0.007813	0.007828	0.992172
TGACC	3504	0.062500	0.500000	0.031250	0.593750	0.406250
TATCC	5200	0.000000	0.000367	0.000031	0.000398	0.999602
TCAGG	17317	0.000000	0.031576	0.000000	0.031576	0.968424
GTGAT	23412	0.000000	0.000122	0.004090	0.004212	0.995788
TATGG	3492	0.000000	0.000122	0.000000	0.000122	0.999878
TGACG	16550	0.166666	0.000000	0.000000	0.166667	0.833333
CTAAG	9417	0.000252	0.000244	0.005208	0.005704	0.994296
TCACG	18802	0.000000	0.000010	0.005208	0.005219	0.994781
TATCG	47245	0.000000	0.005208	0.000000	0.005208	0.994792
CTGGT	1745	0.000000	0.500492	0.062500	0.562992	0.437008
CTGCT	19440	0.000000	0.000000	0.000000	0.000000	1.000000
TGGAT	3773	0.000000	0.000000	0.000000	0.000000	1.000000
TCGAT	44472	0.000000	0.000000	0.000391	0.000391	0.999609
GTAGT	50051	0.031250	0.002075	0.067414	0.100740	0.899260
GTACT	14698	0.000488	0.000021	0.083334	0.083843	0.916157
TCAGT	64813	0.000195	0.000001	0.007815	0.008011	0.991989
TGAGT	36149	0.006250	0.006433	0.000000	0.012684	0.987316
TGACT	29941	0.000000	0.000000	0.000244	0.000244	0.999756
TATGT	46534	0.000000	0.000000	0.008118	0.008118	0.991882
TCACT	44770	0.000000	0.069921	0.071014	0.140935	0.859065
TATCT	59063	0.000000	0.005300	0.003032	0.008332	0.991668
GGTGA	1771	0.000000	0.001953	0.003906	0.005859	0.994141
GGTGC	1742	0.000000	0.000244	0.000061	0.000305	0.999695
GGTCC	6863	0.000000	0.502933	0.390640	0.893573	0.106427
GCCGA	17440	0.000000	0.000732	0.000083	0.000815	0.999185
GCCCA	3514	0.000015	0.000000	0.156258	0.156273	0.843727
GGTGG	2021	0.000000	0.062630	0.507813	0.570442	0.429558
CGTAA	11298	0.000008	0.042318	0.166687	0.209012	0.790988
GGTCG	1785	0.000000	0.000489	0.000000	0.000489	0.999511
CGTAC	25341	0.000010	0.000000	0.000611	0.000621	0.999379
CCCAA	6885	0.000000	0.000004	0.082031	0.082035	0.917965
GCCCG	3456	0.003906	0.000000	0.000000	0.003906	0.996094
CGTAG	37912	0.000488	0.005208	0.000081	0.005778	0.994222
CCCAC	3440	0.000000	0.015625	0.125000	0.140625	0.859375
GGTGT	3453	0.000000	0.125000	0.031250	0.156250	0.843750
GGTCT	3442	0.000000	0.000004	0.031250	0.031254	0.968746
ATGTA	59863	0.000000	0.000000	0.000004	0.000004	0.999996
ATGTC	43261	0.000000	0.000000	0.003138	0.003138	0.996862
GCCGT	7592	0.000000	0.005859	0.000000	0.005859	0.994141
GCCCT	6965	0.020833	0.000244	0.034668	0.055745	0.944255
CGTAT	41382	0.000000	0.000000	0.000000	0.000000	1.000000
ATGTG	56032	0.000000	0.004158	0.000001	0.004159	0.995841
GTTCA	14429	0.000081	0.000081	0.062508	0.062670	0.937330
GTTGC	3433	0.000000	0.000000	0.032227	0.032227	0.967773
GTTCC	6907	0.000000	0.000013	0.027344	0.027358	0.972642
TCTGA	29118	0.000000	0.000000	0.000977	0.000977	0.999023
TGTGA	35708	0.015778	0.001424	0.000102	0.017304	0.982696
GTTGG	1739	0.000000	0.000259	0.003906	0.004166	0.995834
TGTCA	42876	0.166666	0.000000	0.003907	0.170573	0.829427
TCTCA	59396	0.009382	0.002686	0.000116	0.012184	0.987816
GTTCG	13398	0.000012	0.033206	0.141117	0.174334	0.825666
TCTGC	24404	0.166667	0.031265	0.000000	0.197932	0.802068
TGTGC	53609	0.000122	0.000126	0.015961	0.016210	0.983790
TCTCC	3776	0.000000	0.002014	0.003906	0.005920	0.994080
TGTCC	6907	0.000000	0.007813	0.125015	0.132828	0.867172
CTTAC	3433	0.000000	0.000000	0.125002	0.125002	0.874998
TCTGG	3443	0.000000	0.000000	0.093755	0.093755	0.906245
TGTGG	6893	0.000000	0.000122	0.328127	0.328249	0.671751
TGTCG	37177	0.000195	0.015625	0.000008	0.015828	0.984172
TCTCG	52588	0.000000	0.006250	0.000051	0.006301	0.993699
CTTAG	5308	0.000000	0.000000	0.000000	0.000000	1.000000
GTTCT	8159	0.012500	0.012515	0.003229	0.028244	0.971756
TCTGT	68559	0.017463	0.002229	0.053552	0.073245	0.926755
TGTGT	58780	0.004464	0.146164	0.045863	0.196491	0.803509
TCTCT	41079	0.008951	0.110151	0.005209	0.124310	0.875690
TGTCT	64246	0.000000	0.032198	0.104156	0.136355	0.863645
GACGA	59843	0.000000	0.000008	0.000000	0.000008	0.999992
GACCA	14832	0.000000	0.001953	0.058594	0.060547	0.939453
GACGC	15551	0.000000	0.000000	0.000000	0.000000	1.000000
GACCC	3474	0.000000	0.000017	0.062561	0.062578	0.937422
CACAA	2752	0.000000	0.500062	0.000000	0.500062	0.499938
GACGG	6478	0.000000	0.000000	0.000000	0.000000	1.000000
GACCG	16420	0.001302	0.025098	0.009383	0.035783	0.964217
CACAC	10113	0.000000	0.007821	0.017578	0.025399	0.974601
CACAG	33318	0.000203	0.000000	0.000006	0.000209	0.999791
GACGT	38095	0.000000	0.000000	0.191406	0.191407	0.808593
GACCT	15106	0.000000	0.000015	0.000000	0.000015	0.999985
CACAT	33298	0.000002	0.000000	0.000000	0.000002	0.999998
CCGTA	20144	0.000000	0.022308	0.096599	0.118907	0.881093
CCGTC	7218	0.000000	0.125000	0.000000	0.125000	0.875000
GCATA	12037	0.000000	0.500000	0.000000	0.500000	0.500000
CCGTG	9364	0.000163	0.284180	0.000008	0.284350	0.715650
TACGA	34286	0.000163	0.000008	0.000031	0.000201	0.999799
AAGAA	5219	0.000000	0.166831	0.000010	0.166841	0.833159
TACCA	12868	0.000008	0.000000	0.000031	0.000038	0.999962
GCATC	10432	0.000000	0.000008	0.000123	0.000130	0.999870
TACGC	27593	0.000000	0.000000	0.015625	0.015625	0.984375
AAGAC	24768	0.000000	0.035416	0.000000	0.035416	0.964584
GCATG	35354	0.000000	0.000000	0.001953	0.001953	0.998047
TACGG	5793	0.000000	0.000000	0.001953	0.001953	0.998047
TACCG	15187	0.000244	0.003963	0.125065	0.129272	0.870728
AAACA	31253	0.000000	0.000016	0.000000	0.000016	0.999984
AAAGC	1865	0.000000	0.078125	0.000031	0.078156	0.921844
AAACC	5874	0.000244	0.250000	0.000000	0.250244	0.749756
CCGTT	2019	0.000000	0.000031	0.000000	0.000031	0.999969
AAACG	18699	0.000006	0.000000	0.031494	0.031500	0.968500
TTGAC	5311	0.000000	0.125000	0.250250	0.375250	0.624750
GCATT	5236	0.000000	0.003906	0.000000	0.003906	0.996094
TACGT	18876	0.000000	0.000978	0.000000	0.000978	0.999022
AAGAT	3761	0.000000	0.000000	0.000000	0.000000	1.000000
TACCT	10693	0.003906	0.503906	0.000000	0.507813	0.492187
TTAGA	3697	0.000000	0.000000	0.000031	0.000031	0.999969
GGCGA	8412	0.000000	0.250000	0.016602	0.266602	0.733398
TTACA	6333	0.000000	0.015625	0.000000	0.015625	0.984375
GGCCA	5466	0.000000	0.001953	0.062563	0.064516	0.935484
GGCGC	5178	0.000000	0.002014	0.000015	0.002029	0.997971
TTAGC	5313	0.000000	0.015625	0.062531	0.078156	0.921844
TTACC	3451	0.000000	0.500000	0.156252	0.656252	0.343748
AAAGT	1745	0.000000	0.000000	0.000000	0.000000	1.000000
GGCGG	1745	0.000000	0.001953	0.000000	0.001953	0.998047
CGCAA	5493	0.000000	0.000000	0.000006	0.000006	0.999994
TTAGG	3464	0.000000	0.003907	0.500980	0.504888	0.495112
GGCCG	5811	0.031250	0.002197	0.000977	0.034424	0.965576
CGCAC	28149	0.000000	0.000000	0.000004	0.000004	0.999996
CGCAG	26300	0.000046	0.000000	0.058596	0.058642	0.941358
TTAGT	1892	0.000000	0.250000	0.000000	0.250000	0.750000
GGCGT	3492	0.000000	0.001953	0.063477	0.065430	0.934570
GGCCT	10447	0.000000	0.000549	0.015762	0.016312	0.983688
TTACT	3435	0.000000	0.000019	0.031252	0.031271	0.968729
CGCAT	15091	0.000003	0.250122	0.007812	0.257937	0.742063
CAGTA	33915	0.000000	0.000000	0.000000	0.000000	1.000000
GTCGA	39530	0.001953	0.005208	0.000003	0.007164	0.992836
GTCCA	5268	0.000000	0.003906	0.000000	0.003906	0.996094
CAGTC	64653	0.000000	0.000000	0.000000	0.000000	1.000000
GTCGC	28320	0.000000	0.343754	0.000000	0.343754	0.656246
GTCCC	6858	0.000000	0.375000	0.140629	0.515629	0.484371
GAATA	20394	0.000407	0.000781	0.011752	0.012941	0.987059
TCCGA	3866	0.002930	0.000000	0.187500	0.190430	0.809570
TGCGA	19847	0.000000	0.000000	0.000000	0.000000	1.000000
GCTTA	3453	0.000000	0.160161	0.000008	0.160169	0.839831
CAGTG	49954	0.000000	0.003125	0.000391	0.003516	0.996484
AGGAA	1866	0.000008	0.000000	0.062500	0.062508	0.937492
ACGAA	20406	0.000000	0.000008	0.000002	0.000010	0.999990
TGCCA	5599	0.000000	0.062501	0.187500	0.250001	0.749999
GAATC	5499	0.020833	0.000000	0.000122	0.020956	0.979044
CTCAA	13759	0.000000	0.000000	0.000000	0.000000	1.000000
TCCCA	3462	0.000000	0.000000	0.125000	0.125000	0.875000
TCCGC	5524	0.000000	0.250031	0.007813	0.257843	0.742157
GCTTC	5232	0.000000	0.000000	0.000000	0.000000	1.000000
TGCGC	15224	0.003906	0.166993	0.010427	0.181326	0.818674
AGGAC	25921	0.000000	0.000061	0.040039	0.040100	0.959900
CTCAC	35677	0.000000	0.000002	0.000534	0.000536	0.999464
TCCCC	10286	0.000000	0.291732	0.078776	0.370508	0.629492
ACGAC	23690	0.000000	0.000000	0.125015	0.125016	0.874984
TGCCC	10412	0.000001	0.255346	0.302737	0.558085	0.441915
GAATG	15060	0.003127	0.000610	0.125260	0.128997	0.871003
TCCGG	1749	0.000000	0.000000	0.007813	0.007813	0.992187
TGCGG	7585	0.000000	0.000000	0.033203	0.033203	0.966797
GCTTG	3512	0.250000	0.003908	0.008919	0.262827	0.737173
TGCCG	9064	0.000000	0.007813	0.000977	0.008789	0.991211
CTCAG	48114	0.000000	0.000000	0.000000	0.000000	1.000000
ACGAG	41133	0.000000	0.000000	0.000061	0.000061	0.999939
AGAGA	18577	0.000061	0.092835	0.083333	0.176229	0.823771
ACAGA	86455	0.000217	0.000488	0.046877	0.047582	0.952418
ACACA	26065	0.003906	0.087243	0.084007	0.175157	0.824843
AATGA	5176	0.000000	0.500492	0.000000	0.500492	0.499508
AGACA	61456	0.000000	0.000010	0.044272	0.044282	0.955718
ACAGC	14580	0.000000	0.000000	0.062506	0.062506	0.937494
AGAGC	19502	0.000000	0.000000	0.000000	0.000000	1.000000
AATCA	8997	0.000001	0.000122	0.000000	0.000123	0.999877
ACACC	3502	0.020833	0.000122	0.000000	0.020955	0.979045
AATGC	5781	0.000977	0.000004	0.000000	0.000981	0.999019
AGACC	18881	0.000000	0.000000	0.000000	0.000000	1.000000
AATCC	3496	0.000000	0.015625	0.023567	0.039192	0.960808
CAGTT	2905	0.000000	0.015625	0.250004	0.265629	0.734371
GTCGT	44633	0.000000	0.128224	0.025252	0.153475	0.846525
AGAGG	1892	0.000000	0.062500	0.000000	0.062500	0.937500
GTCCT	6928	0.000000	0.007813	0.390690	0.398502	0.601498
ACAGG	31542	0.084636	0.000098	0.025000	0.109733	0.890267
AATGG	2025	0.000000	0.000000	0.000000	0.000000	1.000000
ACACG	13913	0.000000	0.000008	0.000000	0.000008	0.999992
AGACG	32436	0.000000	0.000000	0.000000	0.000000	1.000000
TCCGT	9373	0.000021	0.001236	0.000000	0.001257	0.998743
GCTTT	3452	0.000002	0.000000	0.125008	0.125010	0.874990
TGCGT	10600	0.000000	0.000000	0.125031	0.125031	0.874969
AGGAT	7865	0.000163	0.000002	0.012520	0.012685	0.987315
CTCAT	55523	0.000000	0.015625	0.000000	0.015625	0.984375
ACGAT	40636	0.000000	0.000000	0.000000	0.000000	1.000000
TGCCT	6959	0.000000	0.000122	0.009918	0.010040	0.989960
TTTGA	5319	0.000000	0.125000	0.000000	0.125000	0.875000
TTTCA	3547	0.000000	0.005142	0.009033	0.014176	0.985824
TTTGC	6881	0.000000	0.000977	0.015626	0.016603	0.983397
TTTCC	3447	0.000000	0.000000	0.000000	0.000000	1.000000
AGAGT	11132	0.037500	0.011719	0.000000	0.049219	0.950781
ACAGT	42271	0.166667	0.007815	0.125000	0.299482	0.700518
AGACT	24241	0.000000	0.250000	0.015625	0.265625	0.734375
ACACT	23550	0.000000	0.000489	0.000000	0.000489	0.999511
AATGT	10734	0.000000	0.167480	0.005211	0.172691	0.827309
TAATG	5193	0.001953	0.500492	0.000000	0.502445	0.497555
TTTGT	10350	0.000000	0.001303	0.109741	0.111045	0.888955
CGGTA	3453	0.000000	0.015625	0.375246	0.390871	0.609129
CGGTC	1743	0.000000	0.000489	0.500000	0.500489	0.499511
GGATA	22740	0.000163	0.103273	0.038727	0.142162	0.857838
CGGTG	3525	0.000000	0.001099	0.000000	0.001099	0.998901
GGATC	8658	0.000000	0.000000	0.208985	0.208985	0.791015
GATTC	7251	0.000000	0.000738	0.027344	0.028081	0.971919
GGATG	3493	0.000000	0.000000	0.000000	0.000000	1.000000
ACTGA	15137	0.072274	0.000000	0.041674	0.113948	0.886052
AGTGA	33216	0.000049	0.000000	0.000488	0.000537	0.999463
ACTCA	64958	0.002226	0.001744	0.071012	0.074983	0.925017
AGTCA	56988	0.000000	0.000275	0.034195	0.034470	0.965530
ACTGC	15130	0.000000	0.000063	0.000001	0.000064	0.999936
AGTGC	24290	0.000000	0.007935	0.004883	0.012818	0.987182
CGGTT	1769	0.000000	0.000000	0.000000	0.000000	1.000000
ACTCC	5523	0.000000	0.063633	0.016237	0.079871	0.920129
AGTCC	3446	0.000000	0.000000	0.031311	0.031311	0.968689
AGTGG	7865	0.000000	0.250000	0.000977	0.250977	0.749023
ACTGG	10842	0.000488	0.125000	0.250732	0.376221	0.623779
AGTCG	38486	0.000000	0.000123	0.000009	0.000132	0.999868
ACTCG	41307	0.000676	0.003145	0.003182	0.007004	0.992996
GATTT	1737	0.000000	0.000259	0.001953	0.002213	0.997787
CTGTA	17825	0.000000	0.000000	0.003967	0.003967	0.996033
CTGTC	54747	0.000020	0.025929	0.119996	0.145945	0.854055
GTATA	41766	0.000000	0.000977	0.000000	0.000977	0.999023
CTGTG	35170	0.000012	0.002931	0.004517	0.007460	0.992540
GTATC	55520	0.000000	0.166667	0.005208	0.171875	0.828125
ACTGT	11269	0.000000	0.000004	0.000001	0.000005	0.999995
AGTGT	77241	0.001421	0.079546	0.004545	0.085512	0.914488
AGTCT	48010	0.000000	0.010417	0.000164	0.010581	0.989419
ACTCT	24608	0.000000	0.000814	0.209228	0.210042	0.789958
TCATA	24515	0.000000	0.011719	0.001969	0.013688	0.986312
TGATA	34341	0.000000	0.000326	0.000181	0.000506	0.999494
TATTA	3439	0.000000	0.000000	0.287605	0.287605	0.712395
GTATG	49139	0.000000	0.000246	0.000000	0.000246	0.999754
TGATC	21554	0.000000	0.015625	0.000163	0.015788	0.984212
TCATC	61657	0.000000	0.000000	0.000000	0.000000	1.000000
TGATG	39362	0.000000	0.000000	0.000001	0.000001	0.999999
TCATG	39601	0.000000	0.005208	0.022166	0.027374	0.972626
CTGTT	7263	0.000000	0.000000	0.001953	0.001954	0.998046
GTATT	3436	0.000000	0.000000	0.125000	0.125000	0.875000
TGATT	1742	0.000000	0.001953	0.000000	0.001953	0.998047
TCATT	23555	0.000000	0.015625	0.000000	0.015625	0.984375
TATTT	5303	0.000000	0.125000	0.000004	0.125004	0.874996
GGTTA	1877	0.000000	0.015625	0.000000	0.015625	0.984375
GGTTC	10023	0.000000	0.083335	0.083554	0.166889	0.833111
GCCTA	5250	0.000000	0.001953	0.000000	0.001953	0.998047
GCCTC	14308	0.000003	0.025928	0.000222	0.026153	0.973847
GCCTG	7265	0.000000	0.064453	0.500000	0.564453	0.435547
AACGA	7066	0.000081	0.000000	0.015629	0.015710	0.984290
AACCA	8987	0.000000	0.000000	0.000000	0.000000	1.000000
AACGC	8436	0.000000	0.002015	0.003908	0.005923	0.994077
AACCC	1803	0.000000	0.066407	0.000000	0.066407	0.933593
AACGG	10453	0.000000	0.000000	0.000000	0.000000	1.000000
AACCG	10827	0.000000	0.000000	0.141115	0.141115	0.858885
GCCTT	1740	0.000000	0.015625	0.000000	0.015625	0.984375
TTCGA	14343	0.000000	0.000488	0.000000	0.000488	0.999512
GTTTA	8912	0.000488	0.000004	0.000000	0.000492	0.999508
TTCCA	2645	0.000000	0.125000	0.001953	0.126953	0.873047
ATGAA	13016	0.250000	0.000000	0.000977	0.250977	0.749023
TTCGC	7224	0.000000	0.000000	0.000000	0.000000	1.000000
ATGAC	13714	0.000000	0.000000	0.000977	0.000977	0.999023
TTCCC	6869	0.000000	0.000284	0.082031	0.082315	0.917685
TGTTA	1802	0.125000	0.000000	0.019531	0.144532	0.855468
TTCGG	3798	0.000000	0.031250	0.000000	0.031250	0.968750
AACGT	17596	0.050000	0.000000	0.053914	0.103914	0.896086
AACCT	5575	0.000000	0.000000	0.501953	0.501953	0.498047
TGTTC	5482	0.000001	0.062500	0.000016	0.062517	0.937483
TCTTC	7834	0.000000	0.250000	0.000000	0.250000	0.750000
ATGAG	25623	0.000003	0.000000	0.000001	0.000003	0.999997
ATAGA	54770	0.016736	0.004604	0.019633	0.040972	0.959028
ATACA	52964	0.000000	0.005208	0.083989	0.089198	0.910802
TGTTG	3468	0.000000	0.003906	0.001099	0.005005	0.994995
ATAGC	5330	0.000000	0.000488	0.001957	0.002445	0.997555
TCTTG	3486	0.000000	0.003909	0.031250	0.035159	0.964841
ATACC	28371	0.100000	0.000076	0.116113	0.216190	0.783810
ATAGG	10875	0.000000	0.250490	0.003906	0.254397	0.745603
ATACG	20039	0.003906	0.000326	0.000000	0.004232	0.995768
TTCGT	9684	0.000000	0.037949	0.000005	0.037954	0.962046
GTTTT	6895	0.000000	0.199715	0.015625	0.215340	0.784660
TTCCT	3465	0.000000	0.000000	0.128906	0.128906	0.871094
ATGAT	36848	0.000391	0.000391	0.000123	0.000904	0.999096
TCTTT	5191	0.000977	0.000260	0.000000	0.001236	0.998764
TGTTT	3435	0.000000	0.000000	0.156250	0.156250	0.843750
ATAGT	48931	0.007813	0.000010	0.000326	0.008148	0.991852
ATACT	16701	0.000000	0.000000	0.000062	0.000062	0.999938
GACTA	41796	0.015625	0.005554	0.208415	0.229594	0.770406
GACTC	45698	0.000002	0.000000	0.046875	0.046877	0.953123
GACTG	19360	0.000000	0.000000	0.000000	0.000000	1.000000
AGCGA	38668	0.000000	0.019539	0.125000	0.144539	0.855461
ACCGA	16735	0.015625	0.000081	0.000326	0.016032	0.983968
AGCCA	4788	0.062500	0.062500	0.000000	0.125000	0.875000
ACCGC	1748	0.000015	0.000000	0.000000	0.000015	0.999985
AGCGC	24879	0.000000	0.000000	0.000000	0.000000	1.000000
ACCGG	12500	0.000000	0.001109	0.083415	0.084524	0.915476
ACCCG	3538	0.000000	0.000000	0.000001	0.000001	0.999999
GACTT	3464	0.000000	0.000000	0.156250	0.156250	0.843750
GCGGA	6708	0.000000	0.000000	0.003910	0.003910	0.996090
ACCGT	18353	0.000051	0.284180	0.250000	0.534231	0.465769
GCGCA	23959	0.000000	0.000000	0.002198	0.002198	0.997802
AGCGT	19449	0.041707	0.000784	0.219144	0.261636	0.738364
AGCCT	7271	0.000000	0.005859	0.000000	0.005859	0.994141
ACCCT	5268	0.000000	0.003907	0.000000	0.003907	0.996093
GCGCC	5795	0.000000	0.000000	0.000000	0.000000	1.000000
TACTA	13748	0.007935	0.125000	0.000000	0.132935	0.867065
GCGGG	1743	0.000000	0.011723	0.000000	0.011723	0.988277
CCGAA	9272	0.017578	0.000000	0.000652	0.018230	0.981770
ATTCA	8512	0.000000	0.000000	0.062500	0.062500	0.937500
TACTC	22975	0.000000	0.011313	0.000377	0.011690	0.988310
GCGCG	18030	0.000000	0.052410	0.000092	0.052502	0.947498
ATTCC	882	0.000000	0.250000	0.000000	0.250000	0.750000
CCGAC	19239	0.000244	0.000895	0.000244	0.001383	0.998617
TACTG	13190	0.000000	0.000020	0.000013	0.000033	0.999967
GCAAA	8390	0.000000	0.001953	0.078127	0.080080	0.919920
ATTCG	15131	0.035161	0.000004	0.006839	0.042003	0.957997
CCGAG	7229	0.000000	0.000000	0.004883	0.004883	0.995117
GCAAC	7322	0.000000	0.000003	0.010417	0.010419	0.989581
CCAGC	1806	0.000000	0.003906	0.000000	0.003907	0.996093
GCAAG	15552	0.031250	0.000000	0.020834	0.052084	0.947916
CCACC	6901	0.000000	0.007813	0.000489	0.008301	0.991699
GCGGT	1743	0.000488	0.001953	0.000000	0.002441	0.997559
AAATG	3437	0.000000	0.070442	0.281250	0.351692	0.648308
CCAGG	3466	0.000000	0.000000	0.031738	0.031738	0.968262
GCGCT	24259	0.000061	0.000000	0.000163	0.000224	0.999776
CCACG	3466	0.000000	0.000000	0.156258	0.156258	0.843742
TACTT	3427	0.000000	0.000019	0.000000	0.000019	0.999981
CCGAT	2013	0.000000	0.031250	0.000000	0.031250	0.968750
ATTCT	6931	0.000000	0.001106	0.000000	0.001106	0.998894
TTATA	1869	0.000000	0.000000	0.125244	0.125244	0.874756
GGCTA	3783	0.000000	0.000488	0.032227	0.032715	0.967285
GGCTC	3457	0.000000	0.000000	0.031250	0.031250	0.968750
TTATC	6881	0.250000	0.031250	0.000000	0.281250	0.718750
GCAAT	2033	0.000000	0.039070	0.000000	0.039070	0.960930
CCAGT	5528	0.166666	0.000000	0.008789	0.175456	0.824544
CCACT	1746	0.000000	0.000488	0.015625	0.016113	0.983887
GTCTA	24639	0.000651	0.000000	0.000000	0.000651	0.999349
GAGCA	19392	0.000000	0.000000	0.003906	0.003906	0.996094
GTCTC	51113	0.000000	0.004534	0.006977	0.011511	0.988489
GAGCC	6715	0.000000	0.001953	0.000000	0.001953	0.998047
TCCTA	6937	0.000000	0.000000	0.156254	0.156254	0.843746
TGCTA	26277	0.001973	0.000098	0.004622	0.006694	0.993306
GTCTG	78907	0.035715	0.003914	0.019346	0.058975	0.941025
TCCTC	3487	0.000000	0.001961	0.000015	0.001976	0.998024
CAGAA	15693	0.000000	0.005860	0.062500	0.068360	0.931640
TGCTC	29312	0.041994	0.003126	0.001617	0.046737	0.953263
GAGCG	38669	0.000000	0.000000	0.000163	0.000163	0.999837
CAGAC	56166	0.000392	0.000000	0.062502	0.062894	0.937106
TCCTG	5231	0.000489	0.002014	0.066414	0.068917	0.931083
TGCTG	18104	0.000000	0.000000	0.000000	0.000000	1.000000
GCTAA	2019	0.000000	0.000000	0.000000	0.000000	1.000000
CAGAG	16793	0.000000	0.015641	0.020508	0.036149	0.963851
GAAAC	12187	0.002604	0.031250	0.250000	0.283855	0.716145
ACATA	40064	0.000000	0.000000	0.000000	0.000000	1.000000
AGATA	73067	0.000000	0.006302	0.025208	0.031510	0.968490
AATTA	887	0.000000	0.000010	0.003906	0.003916	0.996084
CAAGA	16694	0.000000	0.035416	0.000122	0.035538	0.964462
GCTAC	12709	0.000000	0.000000	0.015625	0.015625	0.984375
CAACA	30150	0.000010	0.015626	0.062510	0.078146	0.921854
ACATC	45111	0.000000	0.000000	0.000000	0.000000	1.000000
AGATC	20096	0.100000	0.000000	0.062745	0.162745	0.837255
CCTCA	12988	0.000061	0.000006	0.052344	0.052411	0.947589
AATTC	4939	0.000000	0.251953	0.007813	0.259766	0.740234
CAAGC	7245	0.000000	0.000000	0.500000	0.500000	0.500000
GAAAG	1893	0.125000	0.078125	0.000031	0.203156	0.796844
CCTGC	9831	0.000000	0.000000	0.500001	0.500001	0.499999
CAACC	5494	0.000000	0.289063	0.000000	0.289063	0.710937
GCTAG	17066	0.000000	0.083333	0.000651	0.083984	0.916016
GTCTT	4320	0.000000	0.250000	0.000000	0.250000	0.750000
GAGGT	1882	0.000000	0.000000	0.125000	0.125000	0.875000
ACATG	31874	0.000000	0.062500	0.000000	0.062500	0.937500
AGATG	36107	0.000000	0.000000	0.000002	0.000002	0.999998
CAAGG	21261	0.000000	0.007813	0.000017	0.007830	0.992170
GAGCT	15752	0.000000	0.000000	0.000163	0.000163	0.999837
CAACG	2678	0.062515	0.000004	0.031258	0.093777	0.906223
CCTGG	5204	0.000000	0.001953	0.066650	0.068604	0.931396
CCTCG	14410	0.000000	0.003907	0.000000	0.003907	0.996093
TCCTT	5469	0.000000	0.039070	0.000000	0.039070	0.960930
TGCTT	5182	0.000000	0.000000	0.000000	0.000000	1.000000
CAGAT	62492	0.000000	0.000000	0.062745	0.062745	0.937255
TTTTA	3539	0.000000	0.129883	0.031254	0.161137	0.838863
TTTTC	5365	0.000000	0.008072	0.015627	0.023699	0.976301
GCTAT	18816	0.000024	0.000122	0.128922	0.129069	0.870931
AGATT	3484	0.000000	0.000259	0.007812	0.008072	0.991928
ACATT	2660	0.000000	0.104168	0.166667	0.270835	0.729165
TAGGA	13524	0.000000	0.000000	0.128906	0.128906	0.871094
CAAGT	8785	0.026045	0.012558	0.037240	0.075842	0.924158
TAGCA	13722	0.000000	0.008057	0.032227	0.040283	0.959717
TTTTG	7153	0.000163	0.000002	0.031258	0.031422	0.968578
CAACT	14079	0.000000	0.031311	0.000000	0.031311	0.968689
TAGGC	5491	0.000000	0.000000	0.001953	0.001953	0.998047
CCTGT	14169	0.000000	0.000000	0.002076	0.002076	0.997924
CCTCT	6902	0.000000	0.064700	0.078140	0.142841	0.857159
TAGGG	3517	0.010427	0.251253	0.000000	0.261680	0.738320
TAGCG	31632	0.000781	0.001300	0.019532	0.021613	0.978387
TAAAA	5446	0.000000	0.500244	0.000000	0.500244	0.499756
TAAAC	5594	0.000000	0.000000	0.000000	0.000000	1.000000
TTTTT	25778	0.000000	0.001236	0.023439	0.024676	0.975324
TAGGT	1785	0.000000	0.000008	0.000002	0.000010	0.999990
TAGCT	19653	0.000000	0.000000	0.000000	0.000000	1.000000
GGGGA	5227	0.000004	0.007813	0.000015	0.007832	0.992168
GGGCA	7027	0.000000	0.001099	0.046888	0.047987	0.952013
GGGGC	2036	0.000000	0.132813	0.000977	0.133789	0.866211
GGGCC	10737	0.001968	0.000102	0.187836	0.189906	0.810094
GGGCG	3496	0.000000	0.000977	0.000000	0.000977	0.999023
CGGAC	14250	0.000000	0.000000	0.000000	0.000000	1.000000
ATCGA	57955	0.002686	0.000000	0.000001	0.002687	0.997313
GGAAA	1866	0.000000	0.000000	0.000000	0.000001	0.999999
ATCGC	22820	0.000000	0.015625	0.000000	0.015625	0.984375
GATAA	3771	0.000000	0.502445	0.000000	0.502445	0.497555
CGGAG	3466	0.000000	0.000031	0.125025	0.125055	0.874945
GGAAC	3502	0.000000	0.250246	0.001984	0.252230	0.747770
ACTTA	1901	0.000000	0.125000	0.062500	0.187500	0.812500
CGAGA	14112	0.000000	0.000000	0.000000	0.000000	1.000000
GATAC	50059	0.100012	0.000000	0.031281	0.131293	0.868707
CATGA	25265	0.000000	0.000000	0.000061	0.000061	0.999939
CGACA	56885	0.001961	0.000000	0.000013	0.001973	0.998027
ATCCG	14934	0.000195	0.125061	0.052822	0.178078	0.821922
AGTTC	16269	0.000000	0.000122	0.064697	0.064819	0.935181
CGAGC	30066	0.000000	0.000000	0.000732	0.000732	0.999268
CATCA	41315	0.000000	0.000000	0.000000	0.000000	1.000000
CGACC	3505	0.000000	0.000155	0.007813	0.007967	0.992033
GGAAG	2030	0.000000	0.062500	0.016617	0.079117	0.920883
CATGC	35540	0.015625	0.046875	0.002279	0.064779	0.935221
CATCC	13106	0.000000	0.000748	0.000000	0.000748	0.999252
GATAG	65019	0.000002	0.003929	0.023200	0.027131	0.972869
AGTTG	1743	0.000000	0.062759	0.000000	0.062760	0.937240
GGGCT	2024	0.000000	0.000061	0.004883	0.004944	0.995056
ACTTG	3485	0.000000	0.003906	0.125001	0.128907	0.871093
CATGG	2633	0.000000	0.003906	0.000000	0.003906	0.996094
CGACG	61603	0.000000	0.000000	0.000000	0.000000	1.000000
CATCG	44261	0.000000	0.000000	0.000000	0.000000	1.000000
CGGAT	12757	0.083334	0.000000	0.001176	0.084509	0.915491
GTGGA	5553	0.000000	0.000000	0.000000	0.000000	1.000000
GTGCA	36359	0.000000	0.003906	0.000004	0.003910	0.996090
ATCGT	47883	0.000000	0.002706	0.172084	0.174790	0.825210
ATCCT	6971	0.000000	0.001961	0.000000	0.001961	0.998039
GGAAT	1756	0.000000	0.000000	0.000000	0.000000	1.000000
GTGCC	4432	0.000000	0.002075	0.009781	0.011856	0.988144
GATAT	44747	0.000081	0.012506	0.001563	0.014150	0.985850
TCGGA	3758	0.000000	0.000000	0.000000	0.000000	1.000000
TGGGA	5209	0.000000	0.000000	0.000000	0.000000	1.000000
CTGAA	4044	0.000000	0.000000	0.063477	0.063477	0.936523
GTGGG	8632	0.000008	0.000001	0.000000	0.000008	0.999992
CGAGT	30700	0.042043	0.000000	0.100000	0.142043	0.857957
AGTTT	8733	0.000000	0.000004	0.125244	0.125248	0.874752
TCGCA	26805	0.000000	0.000015	0.000000	0.000015	0.999985
ACTTT	6893	0.000000	0.000010	0.078129	0.078138	0.921862
CATGT	51077	0.041667	0.000000	0.041667	0.083333	0.916667
GTGCG	29690	0.000068	0.166829	0.088552	0.255449	0.744551
CGACT	45315	0.000000	0.258301	0.187500	0.445801	0.554199
TGGGC	8683	0.000000	0.002767	0.006511	0.009278	0.990722
CATCT	35968	0.015625	0.015625	0.003378	0.034628	0.965372
TCGCC	13099	0.000651	0.250485	0.101341	0.352476	0.647524
CTGAC	7196	0.001953	0.000000	0.000000	0.001953	0.998047
GTAAA	3482	0.000000	0.000000	0.062988	0.062988	0.937012
TGGGG	3432	0.000000	0.023683	0.031250	0.054933	0.945067
CTGAG	23176	0.000000	0.000000	0.000000	0.000000	1.000000
TCGCG	20797	0.000000	0.316410	0.000000	0.316410	0.683590
TGGCG	5373	0.000000	0.000000	0.033203	0.033203	0.966797
GTAAC	9312	0.000000	0.020833	0.020996	0.041829	0.958171
CTAGA	36452	0.053571	0.000000	0.011155	0.064726	0.935274
CTACA	23397	0.000012	0.093811	0.129031	0.222854	0.777146
TCAAA	4417	0.000000	0.025000	0.001563	0.026563	0.973437
CTAGC	16498	0.000000	0.000000	0.000000	0.000000	1.000000
GTAAG	2035	0.000000	0.000031	0.000000	0.000031	0.999969
TATAA	9002	0.000000	0.376976	0.500000	0.876977	0.123023
CTACC	3475	0.000000	0.031265	0.000000	0.031265	0.968735
TGAAC	12519	0.000000	0.000000	0.000000	0.000000	1.000000
TCAAC	16273	0.000000	0.000000	0.000000	0.000000	1.000000
TATAC	29063	0.000000	0.000000	0.000000	0.000000	1.000000
GTGGT	3443	0.000000	0.000244	0.500004	0.500248	0.499752
GTGCT	36136	0.000070	0.083339	0.046916	0.130324	0.869676
CTAGG	3468	0.000000	0.000000	0.125000	0.125000	0.875000
CTACG	20597	0.000000	0.000000	0.015625	0.015625	0.984375
TCAAG	10747	0.000000	0.035416	0.000000	0.035416	0.964584
TATAG	31577	0.000000	0.000000	0.000000	0.000000	1.000000
TCGGT	5229	0.000000	0.000000	0.000000	0.000000	1.000000
TCGCT	16517	0.000000	0.000248	0.000000	0.000248	0.999752
CTGAT	36614	0.000000	0.031250	0.000000	0.031250	0.968750
TGGCT	3469	0.000000	0.000000	0.000000	0.000000	1.000000
GTAAT	1745	0.000000	0.500492	0.000000	0.500492	0.499508
CTAGT	36208	0.000000	0.000000	0.005005	0.005005	0.994995
CTACT	18153	0.000000	0.063477	0.000000	0.063477	0.936523
TGAAT	13058	0.250000	0.000000	0.000122	0.250122	0.749878
TATAT	36889	0.000000	0.001954	0.000000	0.001954	0.998046
GGTAA	1738	0.000000	0.500492	0.000000	0.500492	0.499508
CGTGA	44753	0.000122	0.000000	0.000122	0.000244	0.999756
GCCAA	5297	0.000000	0.062623	0.000000	0.062623	0.937377
CGTCA	44319	0.000000	0.000001	0.020037	0.020038	0.979962
CGTGC	26563	0.015873	0.142927	0.004605	0.163405	0.836595
CGTCC	1790	0.000000	0.066469	0.000000	0.066469	0.933531
GCCAC	1742	0.000000	0.000492	0.000000	0.000492	0.999508
AACTA	2071	0.000000	0.062500	0.000019	0.062519	0.937481
GGTAG	3449	0.000000	0.000244	0.250000	0.250244	0.749756
AACTC	17045	0.000000	0.000000	0.000000	0.000000	1.000000
CCCCA	3540	0.001228	0.015625	0.000977	0.017830	0.982170
CGTGG	887	0.000000	0.000004	0.250977	0.250981	0.749019
CGTCG	35654	0.166667	0.007813	0.000000	0.174479	0.825521
CCCCC	34352	0.011364	0.223130	0.098193	0.332686	0.667314
AACTG	2058	0.000002	0.062500	0.000046	0.062548	0.937452
CCCGG	3444	0.000000	0.000000	0.125000	0.125000	0.875000
TTCTA	4102	0.000163	0.000000	0.001957	0.002120	0.997880
TTCTC	5789	0.000000	0.002014	0.000000	0.002014	0.997986
CGTGT	59023	0.001046	0.044561	0.005210	0.050817	0.949183
GCCAT	13148	0.000000	0.000000	0.000732	0.000732	0.999268
CGTCT	43232	0.000000	0.000000	0.000000	0.000001	0.999999
AACTT	1870	0.000000	0.128906	0.000000	0.128906	0.871094
CCCGT	3484	0.000000	0.000000	0.156250	0.156250	0.843750
CCCCT	6932	0.000000	0.013982	0.218765	0.232747	0.767253
ATATA	48353	0.000000	0.000031	0.000000	0.000031	0.999969
GTTAC	3686	0.000000	0.015625	0.000000	0.015625	0.984375
ATATC	32295	0.000000	0.000977	0.000000	0.000977	0.999023
CTTCA	8213	0.003906	0.000031	0.125000	0.128937	0.871063
TGTAA	1744	0.000000	0.093750	0.000015	0.093765	0.906235
CTTGC	6893	0.000326	0.006837	0.250061	0.257224	0.742776
CTTCC	1750	0.000000	0.000000	0.125000	0.125000	0.875000
ATATG	32454	0.000000	0.000000	0.002604	0.002604	0.997396
TCTAC	24926	0.000000	0.501953	0.000000	0.501953	0.498047
TGTAC	34685	0.000000	0.000000	0.500000	0.500000	0.500000
CTTGG	3450	0.000000	0.003909	0.125000	0.128909	0.871091
CTTCG	6960	0.166707	0.125000	0.078125	0.369832	0.630168
TTCTT	8614	0.000000	0.000259	0.000000	0.000260	0.999740
TGTAG	49865	0.000039	0.000005	0.001330	0.001374	0.998626
TCTAG	39919	0.001302	0.000000	0.000391	0.001693	0.998307
ATATT	1870	0.000000	0.000000	0.000004	0.000004	0.999996
CTTGT	3445	0.125000	0.003906	0.125000	0.253906	0.746094
CTTCT	3457	0.000015	0.000008	0.156250	0.156273	0.843727
TCTAT	16735	0.000000	0.000001	0.000000	0.000001	0.999999
TGTAT	79527	0.000000	0.000488	0.000002	0.000490	0.999510
GACAA	24645	0.000000	0.125553	0.001954	0.127507	0.872493
AGCTA	9568	0.000000	0.000000	0.000035	0.000035	0.999965
GACAC	21460	0.000000	0.000002	0.000244	0.000246	0.999754
ACCTA	7010	0.000000	0.000008	0.257935	0.257942	0.742058
