CACGA 0.043720 0.024642 0.496555 0.564918 0.435082
AGCTC 0.019837 0.036911 0.608049 0.664797 0.335203
ACCTC 0.025974 0.066790 0.326531 0.419295 0.580705
CACGC 0.034341 0.188187 0.439560 0.662088 0.337912
CACCC 0.054645 0.065574 0.169399 0.289617 0.710383
GACAG 0.020000 0.012384 0.365761 0.398145 0.601855
ACCTG 0.033234 0.082961 0.237971 0.354167 0.645833
AGCTG 0.028294 0.046419 0.314913 0.389626 0.610374
CACGG 0.050725 0.039855 0.206522 0.297101 0.702899
CACCG 0.031657 0.026071 0.204842 0.262570 0.737430
GACAT 0.074737 0.046676 0.379807 0.501220 0.498780
GCGTA 0.053215 0.065965 0.287047 0.406227 0.593773
AGCTT 0.009202 0.105317 0.571575 0.686094 0.313906
ACCTT 0.011211 0.081839 0.433857 0.526906 0.473094
GCGTC 0.026582 0.026582 0.350633 0.403797 0.596203
CACGT 0.024033 0.089683 0.372020 0.485737 0.514263
CACCT 0.027668 0.003953 0.411067 0.442688 0.557312
ATTTA 0.078431 0.000000 0.215686 0.294118 0.705882
GCGTG 0.062405 0.038813 0.369863 0.471081 0.528919
AAGGA 0.020833 0.020833 0.229167 0.270833 0.729167
AAGCA 0.052347 0.021661 0.348375 0.422383 0.577617
ATTTG 0.035484 0.058065 0.506452 0.600000 0.400000
AAGGC 0.021365 0.111411 0.397348 0.530124 0.469876
TACAA 0.042869 0.068510 0.385417 0.496795 0.503205
AAGCC 0.036066 0.114754 0.350820 0.501639 0.498361
TACAC 0.071124 0.092074 0.310515 0.473712 0.526288
CCATA 0.091360 0.056657 0.406516 0.554533 0.445467
AAGGG 0.022727 0.159091 0.250000 0.431818 0.568182
CCATC 0.022161 0.050323 0.434013 0.506497 0.493503
TACAG 0.028583 0.017071 0.327914 0.373568 0.626432
GCGTT 0.014545 0.040000 0.483636 0.538182 0.461818
CCATG 0.084722 0.050000 0.323611 0.458333 0.541667
AAAAA 0.021296 0.097685 0.386574 0.505556 0.494444
TTGGA 0.080000 0.120000 0.400000 0.600000 0.400000
AAAAC 0.019231 0.096154 0.339744 0.455128 0.544872
ATTTT 0.004464 0.031250 0.683036 0.718750 0.281250
TTGCA 0.022026 0.039648 0.458150 0.519824 0.480176
TTGGC 0.029557 0.073892 0.645320 0.748768 0.251232
TTGCC 0.027292 0.012719 0.283519 0.323529 0.676471
AAGGT 0.026667 0.040000 0.260000 0.326667 0.673333
TACAT 0.079580 0.033033 0.421922 0.534535 0.465465
CCATT 0.019802 0.138614 0.574257 0.732673 0.267327
GGCAA 0.047241 0.043840 0.364324 0.455404 0.544596
TTAAA 0.012097 0.020161 0.693548 0.725806 0.274194
GGCAC 0.050439 0.013158 0.166667 0.230263 0.769737
TTAAC 0.025253 0.055556 0.277778 0.358586 0.641414
CGCGA 0.026057 0.023599 0.659292 0.708948 0.291052
CGCCA 0.045455 0.045455 0.350649 0.441558 0.558442
CGCGC 0.040631 0.105003 0.468690 0.614324 0.385676
GGCAG 0.045349 0.002326 0.453488 0.501163 0.498837
CGCCC 0.029046 0.033195 0.112033 0.174274 0.825726
AAAAT 0.023715 0.114625 0.505929 0.644269 0.355731
CGCGG 0.062500 0.062500 0.437500 0.562500 0.437500
TTGCT 0.011407 0.076046 0.269962 0.357414 0.642586
CGCCG 0.056940 0.020463 0.220344 0.297746 0.702254
GGCAT 0.030303 0.030303 0.484848 0.545455 0.454545
GAGTA 0.043182 0.057576 0.282576 0.383333 0.616667
CGCGT 0.033160 0.053316 0.405505 0.491981 0.508019
GAGTC 0.017826 0.012887 0.422036 0.452749 0.547251
CGCCT 0.020000 0.144000 0.508000 0.672000 0.328000
GAGTG 0.034776 0.032292 0.286610 0.353679 0.646321
GTCAA 0.062500 0.095000 0.342500 0.500000 0.500000
GTCAC 0.053549 0.106441 0.404386 0.564377 0.435623
AGGGA 0.024887 0.065611 0.337104 0.427602 0.572398
CTCGA 0.036288 0.014127 0.422124 0.472539 0.527461
ACGGA 0.021186 0.055085 0.420056 0.496328 0.503672
AGGCA 0.038327 0.066132 0.290080 0.394539 0.605461
ACGCA 0.037271 0.067756 0.322343 0.427370 0.572630
AGGGC 0.036713 0.050699 0.298077 0.385490 0.614510
TGCAA 0.015116 0.113566 0.438760 0.567442 0.432558
CTCGC 0.103349 0.128708 0.399362 0.631419 0.368581
ACGCC 0.051724 0.149425 0.321839 0.522989 0.477011
GTCAG 0.040733 0.023765 0.276204 0.340702 0.659298
AGGCC 0.034274 0.117608 0.363575 0.515457 0.484543
CAATA 0.056075 0.018692 0.233645 0.308411 0.691589
TCCAC 0.008097 0.080972 0.380567 0.469636 0.530364
TGCAC 0.030216 0.041727 0.351079 0.423022 0.576978
CCTTA 0.008287 0.035912 0.306630 0.350829 0.649171
ACGGG 0.024648 0.072183 0.448944 0.545775 0.454225
CTCGG 0.037931 0.024138 0.186207 0.248276 0.751724
CAATC 0.002950 0.017699 0.495575 0.516224 0.483776
AGGCG 0.060172 0.040115 0.292264 0.392550 0.607450
CTCCG 0.030380 0.102532 0.292405 0.425316 0.574684
ACGCG 0.095949 0.074271 0.269012 0.439232 0.560768
CCTTC 0.017978 0.096629 0.379775 0.494382 0.505618
TCCAG 0.015873 0.015873 0.476190 0.507937 0.492063
TGCAG 0.019220 0.014415 0.254805 0.288440 0.711560
GAGTT 0.024962 0.035552 0.412254 0.472769 0.527231
AGAAA 0.046512 0.250000 0.360465 0.656977 0.343023
ACAAA 0.016812 0.090833 0.371744 0.479389 0.520611
CCTTG 0.035191 0.043988 0.419355 0.498534 0.501466
AATAA 0.021448 0.093834 0.327078 0.442359 0.557641
AGAAC 0.026820 0.045977 0.197318 0.270115 0.729885
ACAAC 0.024081 0.052598 0.197296 0.273975 0.726025
AATAC 0.025253 0.033670 0.277778 0.336700 0.663300
GTCAT 0.048818 0.019895 0.273011 0.341723 0.658277
AGAAG 0.021008 0.033613 0.348739 0.403361 0.596639
ACAAG 0.041112 0.040306 0.449516 0.530935 0.469065
AATAG 0.031365 0.027675 0.362854 0.421894 0.578106
AGGGT 0.037975 0.088608 0.502110 0.628692 0.371308
CTCGT 0.040458 0.093227 0.303080 0.436765 0.563235
ACGCT 0.020833 0.045290 0.295290 0.361413 0.638587
AGGCT 0.017857 0.000000 0.464286 0.482143 0.517857
CTCCT 0.027972 0.125874 0.510490 0.664336 0.335664
TCCAT 0.095506 0.140449 0.376404 0.612360 0.387640
TGCAT 0.048476 0.074845 0.481983 0.605304 0.394696
TAGTA 0.058328 0.052933 0.257361 0.368622 0.631378
CAATT 0.009772 0.131922 0.268730 0.410423 0.589577
TAGTC 0.018827 0.029630 0.358256 0.406713 0.593287
CCTTT 0.012500 0.025000 0.441667 0.479167 0.520833
TTTAA 0.137931 0.103448 0.275862 0.517241 0.482759
TTTAC 0.003279 0.170492 0.344262 0.518033 0.481967
TAGTG 0.036533 0.069850 0.259525 0.365908 0.634092
AGAAT 0.025559 0.138445 0.425453 0.589457 0.410543
ACAAT 0.013123 0.185039 0.347769 0.545932 0.454068
AATAT 0.000000 0.103448 0.425287 0.528736 0.471264
TTTAG 0.043062 0.043062 0.301435 0.387560 0.612440
TAGTT 0.029010 0.029010 0.314562 0.372582 0.627418
TTTAT 0.050518 0.041451 0.426166 0.518135 0.481865
GGGTC 0.023669 0.005917 0.331361 0.360947 0.639053
GGGTG 0.035714 0.028571 0.428571 0.492857 0.507143
ATCTA 0.047219 0.051275 0.247972 0.346466 0.653534
ATCTC 0.014896 0.053109 0.349655 0.417660 0.582340
CGATA 0.065274 0.085509 0.259356 0.410139 0.589861
CATTA 0.068681 0.170330 0.302198 0.541209 0.458791
ATCTG 0.019995 0.079737 0.332968 0.432699 0.567301
CGATC 0.013112 0.054779 0.481789 0.549679 0.450321
CATTC 0.021463 0.037779 0.578428 0.637670 0.362330
CGATG 0.049851 0.091518 0.236111 0.377480 0.622520
AGTAA 0.021277 0.042553 0.446809 0.510638 0.489362
ACTAA 0.066313 0.035809 0.373121 0.475243 0.524757
ACTAC 0.054883 0.067797 0.233791 0.356470 0.643530
AGTAC 0.052895 0.048701 0.251420 0.353017 0.646983
GTGTA 0.068340 0.081770 0.300159 0.450269 0.549731
AGTAG 0.027050 0.040152 0.258805 0.326007 0.673993
ACTAG 0.051032 0.015901 0.323177 0.390110 0.609890
GTGTC 0.029440 0.048477 0.332143 0.410060 0.589940
TGGTA 0.072289 0.024096 0.265060 0.361446 0.638554
TCGTA 0.063162 0.072103 0.260658 0.395923 0.604077
CGATT 0.010989 0.065934 0.340659 0.417582 0.582418
GTGTG 0.056625 0.117770 0.313136 0.487530 0.512470
CATTT 0.048232 0.080386 0.463023 0.591640 0.408360
TCGTC 0.024817 0.023178 0.344782 0.392777 0.607223
TGGTC 0.005917 0.035503 0.289941 0.331361 0.668639
TCGTG 0.055071 0.099583 0.295066 0.449720 0.550280
CTATA 0.060054 0.061404 0.398111 0.519568 0.480432
AGTAT 0.064111 0.102448 0.405606 0.572165 0.427835
ACTAT 0.104688 0.027083 0.360938 0.492708 0.507292
CTATC 0.019015 0.018222 0.452593 0.489830 0.510170
GTGTT 0.018315 0.040293 0.586081 0.644689 0.355311
CTATG 0.037594 0.037594 0.353383 0.428571 0.571429
TCGTT 0.010234 0.076023 0.561404 0.647661 0.352339
CTATT 0.024615 0.058462 0.390769 0.473846 0.526154
CGTTC 0.016129 0.044355 0.516129 0.576613 0.423387
CCCTA 0.031026 0.009547 0.250597 0.291169 0.708831
CCCTC 0.003460 0.065744 0.460208 0.529412 0.470588
CCCTG 0.012270 0.042178 0.328988 0.383436 0.616564
AACAA 0.037541 0.090450 0.428981 0.556972 0.443028
AACAC 0.058725 0.043624 0.401007 0.503356 0.496644
AACAG 0.026167 0.014761 0.361581 0.402509 0.597491
CGTTT 0.000000 0.061224 0.714286 0.775510 0.224490
ATGGA 0.011594 0.047343 0.339130 0.398068 0.601932
ATGCA 0.021865 0.040830 0.406738 0.469433 0.530567
CCCTT 0.022305 0.007435 0.535316 0.565056 0.434944
TTCAA 0.011628 0.250000 0.441860 0.703488 0.296512
ATGCC 0.030217 0.081707 0.444851 0.556775 0.443225
TTCAC 0.028772 0.061381 0.559463 0.649616 0.350384
CTTTA 0.037879 0.034091 0.390152 0.462121 0.537879
CTTTC 0.023810 0.047619 0.285714 0.357143 0.642857
ATGCG 0.038596 0.049123 0.259649 0.347368 0.652632
TTCAG 0.047782 0.027304 0.331058 0.406143 0.593857
AACAT 0.061366 0.066043 0.352381 0.479790 0.520210
ATAAA 0.037037 0.074074 0.500000 0.611111 0.388889
CTTTG 0.039620 0.068674 0.345219 0.453513 0.546487
ATAAG 0.029102 0.049088 0.409770 0.487960 0.512040
ATGCT 0.013631 0.045849 0.324040 0.383519 0.616481
TTCAT 0.052174 0.031522 0.302681 0.386377 0.613623
CTTTT 0.000000 0.010811 0.486486 0.497297 0.502703
ATAAT 0.027778 0.141975 0.466049 0.635802 0.364198
CACTA 0.025911 0.039389 0.178104 0.243404 0.756596
CACTC 0.023633 0.079950 0.449285 0.552868 0.447132
CACTG 0.030885 0.047997 0.307457 0.386338 0.613662
ACCAA 0.034483 0.206897 0.275862 0.517241 0.482759
AGCAA 0.026316 0.092105 0.578947 0.697368 0.302632
AGCAC 0.057103 0.061978 0.396007 0.515088 0.484912
ACCAC 0.016713 0.030641 0.250696 0.298050 0.701950
AGCAG 0.026952 0.018976 0.284551 0.330479 0.669521
ACCAG 0.031250 0.006579 0.324836 0.362664 0.637336
CACTT 0.003521 0.109155 0.602113 0.714789 0.285211
GCGAA 0.018010 0.038308 0.263865 0.320183 0.679817
AGCAT 0.046078 0.035294 0.408824 0.490196 0.509804
ACCAT 0.032318 0.029647 0.458307 0.520272 0.479728
AAGTA 0.030435 0.045652 0.247826 0.323913 0.676087
GCGAC 0.020566 0.039417 0.314410 0.374393 0.625607
CCGGA 0.000000 0.025000 0.450000 0.475000 0.525000
AAGTC 0.012295 0.040984 0.389344 0.442623 0.557377
ATTAA 0.029954 0.032258 0.460829 0.523041 0.476959
GCGAG 0.007859 0.032417 0.323183 0.363458 0.636542
ATTAC 0.045113 0.075188 0.218045 0.338346 0.661654
AAGTG 0.028490 0.052707 0.200855 0.282051 0.717949
GCAGA 0.012247 0.024493 0.232123 0.268863 0.731137
CCGGG 0.014828 0.062278 0.448992 0.526097 0.473903
GCACA 0.187500 0.112500 0.302083 0.602083 0.397917
CCGCG 0.041958 0.118881 0.314685 0.475524 0.524476
GCAGC 0.016309 0.056244 0.339701 0.412254 0.587746
ATTAG 0.042394 0.009975 0.179551 0.231920 0.768080
GCACC 0.026042 0.031250 0.432292 0.489583 0.510417
GCAGG 0.000000 0.090909 0.242424 0.333333 0.666667
GCACG 0.133654 0.049939 0.288426 0.472019 0.527981
TTGTA 0.028226 0.056452 0.366935 0.451613 0.548387
CCAAC 0.027054 0.027054 0.206413 0.260521 0.739479
TTGTC 0.021739 0.000000 0.521739 0.543478 0.456522
GCGAT 0.021277 0.053191 0.251773 0.326241 0.673759
CCAAG 0.014184 0.014184 0.507092 0.535461 0.464539
AAGTT 0.002959 0.112426 0.171598 0.286982 0.713018
TTGTG 0.005405 0.016216 0.443243 0.464865 0.535135
CCGGT 0.034188 0.196581 0.175214 0.405983 0.594017
CCGCT 0.004505 0.103604 0.418919 0.527027 0.472973
GCAGT 0.026457 0.043770 0.207230 0.277457 0.722543
GCACT 0.028293 0.036751 0.300115 0.365158 0.634842
CGCTA 0.015660 0.034116 0.127517 0.177293 0.822707
CGCTC 0.029671 0.008821 0.584202 0.622694 0.377306
CCAAT 0.020942 0.068063 0.439791 0.528796 0.471204
TTGTT 0.012371 0.039175 0.253608 0.305155 0.694845
CGCTG 0.036726 0.024134 0.245715 0.306576 0.693424
CGCTT 0.004444 0.088889 0.586667 0.680000 0.320000
GAGAC 0.039894 0.034574 0.388298 0.462766 0.537234
ACGTA 0.043096 0.065259 0.272120 0.380475 0.619525
CTCTA 0.056330 0.061847 0.244677 0.362853 0.637147
CAGGA 0.019768 0.032618 0.455930 0.508316 0.491684
CAGCA 0.061563 0.063716 0.328724 0.454003 0.545997
AGGTC 0.005450 0.000000 0.754768 0.760218 0.239782
CTCTC 0.009053 0.127509 0.404221 0.540783 0.459217
ACGTC 0.013349 0.033562 0.240783 0.287694 0.712306
CAGGC 0.012998 0.126228 0.411612 0.550838 0.449162
GAGAG 0.009217 0.066820 0.463134 0.539171 0.460829
AGGTG 0.028986 0.014493 0.623188 0.666667 0.333333
ACGTG 0.054509 0.092323 0.283676 0.430508 0.569492
CTCTG 0.028536 0.133271 0.284023 0.445829 0.554171
GAACA 0.105321 0.062885 0.347076 0.515281 0.484719
CAGGG 0.016267 0.074486 0.345320 0.436073 0.563927
GCTGA 0.032646 0.041237 0.531787 0.605670 0.394330
CAGCG 0.075000 0.032099 0.204321 0.311420 0.688580
GAAGC 0.070175 0.093567 0.274854 0.438596 0.561404
GCTCA 0.022825 0.126961 0.363291 0.513077 0.486923
GAACC 0.050725 0.031250 0.278533 0.360507 0.639493
GCTGC 0.034230 0.100244 0.342298 0.476773 0.523227
GAAGG 0.009524 0.028571 0.304762 0.342857 0.657143
CAAAA 0.047619 0.142857 0.452381 0.642857 0.357143
CCTAA 0.000000 0.048780 0.292683 0.341463 0.658537
GCTGG 0.062500 0.070312 0.242188 0.375000 0.625000
GAACG 0.056430 0.044838 0.401794 0.503062 0.496938
CAAAC 0.027919 0.046128 0.180181 0.254229 0.745771
GCTCG 0.026022 0.020991 0.253947 0.300959 0.699041
CCTAC 0.030534 0.062023 0.234733 0.327290 0.672710
GAGAT 0.018444 0.117932 0.340468 0.476844 0.523156
CAAAG 0.022727 0.022727 0.613636 0.659091 0.340909
ACGTT 0.072727 0.018182 0.318182 0.409091 0.590909
AGGTT 0.020270 0.054054 0.375563 0.449887 0.550113
CTCTT 0.035874 0.062780 0.273543 0.372197 0.627803
CCTAG 0.037572 0.012524 0.409441 0.459538 0.540462
CAGGT 0.009662 0.173108 0.279925 0.462695 0.537305
CAGCT 0.014344 0.052852 0.325990 0.393186 0.606814
GAAGT 0.010638 0.070922 0.297872 0.379433 0.620567
GAACT 0.021127 0.042254 0.490610 0.553991 0.446009
GCTGT 0.056701 0.176976 0.292764 0.526441 0.473559
GCTCT 0.005660 0.024528 0.515723 0.545912 0.454088
TAGAA 0.011876 0.042755 0.345606 0.400238 0.599762
TAGAC 0.023166 0.054345 0.282044 0.359554 0.640446
CCTAT 0.055970 0.082090 0.546642 0.684701 0.315299
TAGAG 0.020022 0.039488 0.422692 0.482202 0.517798
TAAGA 0.024254 0.026275 0.348352 0.398881 0.601119
TAACA 0.104502 0.057878 0.255627 0.418006 0.581994
TAACC 0.084416 0.006494 0.188312 0.279221 0.720779
TAAGG 0.034433 0.038918 0.340567 0.413918 0.586082
TAACG 0.111111 0.037037 0.327160 0.475309 0.524691
TAGAT 0.041761 0.028940 0.364348 0.435049 0.564951
GGGAC 0.019531 0.035417 0.490625 0.545573 0.454427
CGGGA 0.008251 0.070957 0.435644 0.514851 0.485149
CGGGC 0.004608 0.023041 0.341014 0.368664 0.631336
TAAGT 0.039648 0.070485 0.383260 0.493392 0.506608
TAACT 0.000000 0.021898 0.547445 0.569343 0.430657
ATCAA 0.029316 0.104235 0.452769 0.586319 0.413681
CGGGG 0.019481 0.064935 0.474026 0.558442 0.441558
GGACA 0.056229 0.079276 0.313752 0.449257 0.550743
GATGA 0.020355 0.060863 0.496372 0.577590 0.422410
GATCA 0.029762 0.123724 0.476616 0.630102 0.369898
ATCAC 0.065785 0.079307 0.273777 0.418870 0.581130
GATGC 0.049747 0.119449 0.310849 0.480045 0.519955
GGACC 0.063745 0.058516 0.272742 0.395003 0.604997
CGAAA 0.000000 0.090909 0.254545 0.345455 0.654545
GGACG 0.077151 0.066766 0.328882 0.472799 0.527201
GATGG 0.009804 0.176471 0.289216 0.475490 0.524510
CATAA 0.028455 0.162602 0.453252 0.644309 0.355691
ATCAG 0.027332 0.012636 0.304874 0.344842 0.655158
CGAAC 0.035095 0.022045 0.280590 0.337730 0.662270
GATCG 0.021839 0.038506 0.303736 0.364080 0.635920
CATAC 0.037893 0.039690 0.310526 0.388108 0.611892
GGGAT 0.019608 0.042484 0.621460 0.683551 0.316449
CGAAG 0.032258 0.016129 0.741935 0.790323 0.209677
CATAG 0.024074 0.017130 0.457022 0.498225 0.501775
CGGGT 0.017668 0.077739 0.409894 0.505300 0.494700
GTGAA 0.017730 0.028369 0.294326 0.340426 0.659574
GGAGT 0.016908 0.072464 0.565217 0.654589 0.345411
GGACT 0.011594 0.063768 0.433333 0.508696 0.491304
GATGT 0.076100 0.059633 0.287709 0.423442 0.576558
ATCAT 0.065768 0.043423 0.426975 0.536167 0.463833
GTGAC 0.031174 0.037130 0.339899 0.408203 0.591797
GATCT 0.017281 0.025346 0.504032 0.546659 0.453341
CTGGA 0.022792 0.055556 0.425926 0.504274 0.495726
CTGCA 0.047972 0.078635 0.306133 0.432740 0.567260
TGGAA 0.013089 0.065445 0.460733 0.539267 0.460733
TCGAA 0.009286 0.019405 0.254881 0.283571 0.716429
CTGGC 0.015789 0.071053 0.447368 0.534211 0.465789
CGAAT 0.031116 0.068312 0.488555 0.587983 0.412017
GTGAG 0.024681 0.048490 0.352642 0.425813 0.574187
CATAT 0.061727 0.088166 0.367786 0.517679 0.482321
TGGAC 0.026385 0.071240 0.380387 0.478012 0.521988
TCGAC 0.020267 0.041143 0.316927 0.378337 0.621663
GTAGA 0.013514 0.031607 0.243243 0.288363 0.711637
GTACA 0.125000 0.066315 0.386052 0.577367 0.422633
CTGGG 0.054348 0.039855 0.260064 0.354267 0.645733
GTAGC 0.021522 0.146351 0.375285 0.543158 0.456842
CTGCG 0.100000 0.015714 0.195714 0.311429 0.688571
GTACC 0.065217 0.038043 0.369565 0.472826 0.527174
TCGAG 0.016105 0.026354 0.366032 0.408492 0.591508
TGGAG 0.002890 0.485549 0.225434 0.713873 0.286127
TGAGA 0.006554 0.050562 0.397940 0.455056 0.544944
TCAGA 0.004913 0.023121 0.188979 0.217013 0.782987
GTAGG 0.023199 0.043956 0.288767 0.355922 0.644078
TATGA 0.007663 0.037037 0.528097 0.572797 0.427203
CTAAA 0.087719 0.052632 0.526316 0.666667 0.333333
TGACA 0.065947 0.052758 0.286571 0.405276 0.594724
TCACA 0.063009 0.127377 0.346667 0.537054 0.462946
TCAGC 0.031328 0.131758 0.382922 0.546008 0.453992
TGAGC 0.045686 0.148657 0.406797 0.601140 0.398860
TATCA 0.020440 0.097091 0.424135 0.541667 0.458333
GTACG 0.256085 0.026454 0.186283 0.468822 0.531178
CTAAC 0.038462 0.067308 0.394231 0.500000 0.500000
TATGC 0.019835 0.049201 0.370943 0.439979 0.560021
TGACC 0.138462 0.006154 0.270769 0.415385 0.584615
TATCC 0.016529 0.033058 0.280992 0.330579 0.669421
TCAGG 0.022963 0.045679 0.281852 0.350494 0.649506
GTGAT 0.020408 0.030612 0.309524 0.360544 0.639456
TGACG 0.077148 0.027995 0.276693 0.381836 0.618164
TATGG 0.045455 0.075758 0.393939 0.515152 0.484848
CTAAG 0.044669 0.113833 0.426993 0.585495 0.414505
TCACG 0.169689 0.051813 0.266192 0.487694 0.512306
TATCG 0.045420 0.026839 0.309122 0.381381 0.618619
CTGGT 0.013158 0.210526 0.421053 0.644737 0.355263
CTGCT 0.032051 0.008876 0.273011 0.313938 0.686062
TGGAT 0.055556 0.044444 0.422222 0.522222 0.477778
TCGAT 0.034624 0.014671 0.216588 0.265884 0.734116
GTAGT 0.015993 0.047123 0.295112 0.358228 0.641772
GTACT 0.057531 0.056485 0.263598 0.377615 0.622385
TCAGT 0.019957 0.035193 0.278648 0.333798 0.666202
TGAGT 0.047059 0.031222 0.415535 0.493816 0.506184
TATGT 0.058171 0.063439 0.355077 0.476687 0.523313
TGACT 0.020896 0.017413 0.481177 0.519486 0.480514
TCACT 0.019946 0.039453 0.504944 0.564343 0.435657
TATCT 0.014099 0.023708 0.534420 0.572227 0.427773
GGTGA 0.000000 0.000000 0.428571 0.428571 0.571429
GGTGC 0.028169 0.014085 0.380282 0.422535 0.577465
GGTCC 0.005071 0.002028 0.447262 0.454361 0.545639
GCCGA 0.034965 0.029050 0.430186 0.494202 0.505798
GCCCA 0.045226 0.120603 0.296482 0.462312 0.537688
CGTAA 0.038655 0.098394 0.484438 0.621486 0.378514
GGTGG 0.020000 0.086667 0.306667 0.413333 0.586667
GGTCG 0.035714 0.035714 0.428571 0.500000 0.500000
CGTAC 0.076972 0.037203 0.193179 0.307355 0.692645
CCCAA 0.023810 0.072619 0.540476 0.636905 0.363095
GCCCG 0.012698 0.031746 0.190476 0.234921 0.765079
CGTAG 0.023946 0.021480 0.246062 0.291488 0.708512
CCCAC 0.018315 0.000000 0.355311 0.373626 0.626374
GGTGT 0.045662 0.018265 0.570776 0.634703 0.365297
GGTCT 0.000000 0.018605 0.725581 0.744186 0.255814
ATGTA 0.056374 0.063742 0.335391 0.455506 0.544494
ATGTC 0.025169 0.047268 0.336863 0.409300 0.590700
GCCGT 0.058140 0.054264 0.391473 0.503876 0.496124
GCCCT 0.018106 0.043175 0.562674 0.623955 0.376045
CGTAT 0.068145 0.086331 0.426059 0.580536 0.419464
ATGTG 0.043633 0.085437 0.292357 0.421427 0.578573
GTTCA 0.029524 0.022857 0.343810 0.396190 0.603810
GTTGC 0.019608 0.065359 0.464052 0.549020 0.450980
GTTCC 0.026003 0.007429 0.264487 0.297920 0.702080
TCTGA 0.036854 0.051522 0.391823 0.480198 0.519802
TGTGA 0.021499 0.063063 0.544226 0.628788 0.371212
GTTGG 0.000000 0.130435 0.391304 0.521739 0.478261
TGTCA 0.026373 0.149891 0.415808 0.592072 0.407928
TCTCA 0.031139 0.146402 0.414096 0.591637 0.408363
GTTCG 0.030702 0.016374 0.232895 0.279971 0.720029
TCTGC 0.031496 0.080873 0.324147 0.436516 0.563484
TGTGC 0.042698 0.083940 0.369643 0.496280 0.503720
TCTCC 0.040000 0.066667 0.360000 0.466667 0.533333
TGTCC 0.031532 0.049550 0.295796 0.376877 0.623123
CTTAC 0.019512 0.029268 0.360976 0.409756 0.590244
TCTGG 0.015873 0.055556 0.373016 0.444444 0.555556
TGTGG 0.043529 0.032941 0.327059 0.403529 0.596471
TGTCG 0.061856 0.041237 0.385262 0.488354 0.511646
TCTCG 0.029838 0.057545 0.330989 0.418372 0.581628
CTTAG 0.013857 0.011547 0.371824 0.397229 0.602771
GTTCT 0.019986 0.031843 0.453252 0.505081 0.494919
TCTGT 0.050619 0.063322 0.460777 0.574717 0.425283
TGTGT 0.050209 0.132140 0.353991 0.536339 0.463661
TCTCT 0.013406 0.071196 0.467120 0.551721 0.448279
TGTCT 0.011297 0.019616 0.770751 0.801664 0.198336
GACGA 0.033566 0.043370 0.523687 0.600623 0.399377
GACCA 0.036268 0.046235 0.321982 0.404485 0.595515
GACGC 0.048828 0.113281 0.447266 0.609375 0.390625
GACCC 0.057592 0.047120 0.183246 0.287958 0.712042
CACAA 0.019802 0.118812 0.277228 0.415842 0.584158
GACGG 0.111111 0.004960 0.180886 0.296958 0.703042
GACCG 0.024648 0.023083 0.196401 0.244131 0.755869
CACAC 0.024955 0.143494 0.296791 0.465241 0.534759
CACAG 0.030134 0.016072 0.353887 0.400093 0.599907
GACGT 0.057226 0.051568 0.221791 0.330585 0.669415
GACCT 0.020977 0.066966 0.454011 0.541955 0.458045
CACAT 0.039165 0.125583 0.363271 0.528020 0.471980
CCGTA 0.056887 0.042809 0.195382 0.295078 0.704922
CCGTC 0.008596 0.034384 0.310888 0.353868 0.646132
GCATA 0.080065 0.088235 0.397876 0.566176 0.433824
CCGTG 0.051724 0.064655 0.299569 0.415948 0.584052
TACGA 0.017115 0.010136 0.614407 0.641658 0.358342
AAGAA 0.008621 0.043103 0.387931 0.439655 0.560345
TACCA 0.055917 0.073290 0.349620 0.478827 0.521173
GCATC 0.017668 0.028269 0.413428 0.459364 0.540636
TACGC 0.043312 0.073003 0.431053 0.547368 0.452632
AAGAC 0.030957 0.052646 0.396443 0.480046 0.519954
GCATG 0.099922 0.059228 0.263414 0.422564 0.577436
TACGG 0.018349 0.029817 0.142202 0.190367 0.809633
TACCG 0.050142 0.022533 0.212952 0.285627 0.714373
AAACA 0.077556 0.072600 0.337444 0.487600 0.512400
AAAGC 0.010101 0.121212 0.222222 0.353535 0.646465
AAACC 0.036765 0.047794 0.237132 0.321691 0.678309
CCGTT 0.009009 0.018018 0.369369 0.396396 0.603604
AAACG 0.058795 0.020873 0.341460 0.421128 0.578872
TTGAC 0.014493 0.043478 0.289855 0.347826 0.652174
GCATT 0.032333 0.025404 0.413395 0.471132 0.528868
TACGT 0.043986 0.043387 0.336026 0.423399 0.576601
AAGAT 0.012987 0.038961 0.363636 0.415584 0.584416
TACCT 0.012844 0.036697 0.507339 0.556881 0.443119
TTAGA 0.009901 0.148515 0.455446 0.613861 0.386139
GGCGA 0.012658 0.041139 0.420886 0.474684 0.525316
TTACA 0.098361 0.045082 0.274590 0.418033 0.581967
GGCCA 0.042857 0.019048 0.323810 0.385714 0.614286
TTAGC 0.014337 0.086022 0.422939 0.523297 0.476703
GGCGC 0.029851 0.069652 0.412935 0.512438 0.487562
TTACC 0.019231 0.000000 0.250000 0.269231 0.730769
GGCGG 0.009524 0.019048 0.142857 0.171429 0.828571
AAAGT 0.032787 0.049180 0.295082 0.377049 0.622951
CGCAA 0.027933 0.022346 0.483240 0.533520 0.466480
TTAGG 0.045000 0.025000 0.190000 0.260000 0.740000
GGCCG 0.025145 0.025145 0.240812 0.291103 0.708897
CGCAC 0.077022 0.062321 0.361804 0.501147 0.498853
CGCAG 0.024759 0.036656 0.380547 0.441961 0.558039
TTAGT 0.000000 0.000000 0.269841 0.269841 0.730159
GGCGT 0.012195 0.085366 0.250000 0.347561 0.652439
GGCCT 0.024064 0.032086 0.504902 0.561052 0.438948
TTACT 0.000000 0.000000 0.317460 0.317460 0.682540
CGCAT 0.048964 0.095104 0.278719 0.422787 0.577213
CAGTA 0.033250 0.029915 0.200229 0.263394 0.736606
GTCGA 0.024033 0.025601 0.491205 0.540839 0.459161
GTCCA 0.026596 0.138298 0.414894 0.579787 0.420213
CAGTC 0.021749 0.022083 0.320988 0.364819 0.635181
GTCGC 0.031188 0.068348 0.429662 0.529197 0.470803
GTCCC 0.004950 0.029703 0.263366 0.298020 0.701980
GAATA 0.041289 0.045540 0.275038 0.361867 0.638133
TCCGA 0.015625 0.023438 0.460938 0.500000 0.500000
TGCGA 0.006627 0.013255 0.546637 0.566519 0.433481
CAGTG 0.049101 0.070329 0.213012 0.332442 0.667558
GCTTA 0.004274 0.068376 0.440171 0.512821 0.487179
AGGAA 0.000000 0.019231 0.288462 0.307692 0.692308
TGCCA 0.063348 0.029412 0.239819 0.332579 0.667421
GAATC 0.028777 0.079137 0.517986 0.625899 0.374101
CTCAA 0.046769 0.058673 0.426871 0.532313 0.467687
ACGAA 0.013748 0.026365 0.233672 0.273785 0.726215
TCCCA 0.024291 0.004049 0.303644 0.331984 0.668016
TCCGC 0.017341 0.161850 0.465318 0.644509 0.355491
GCTTC 0.018480 0.061602 0.279261 0.359343 0.640657
TGCGC 0.056000 0.132533 0.396000 0.584533 0.415467
AGGAC 0.035103 0.044292 0.521147 0.600542 0.399458
CTCAC 0.058460 0.067866 0.251073 0.377399 0.622601
TGCCC 0.026015 0.066201 0.234772 0.326988 0.673012
TCCCC 0.004417 0.047703 0.272968 0.325088 0.674912
ACGAC 0.028409 0.045265 0.329545 0.403220 0.596780
GAATG 0.023272 0.043806 0.374914 0.441992 0.558008
TCCGG 0.017143 0.022857 0.051429 0.091429 0.908571
TGCGG 0.046729 0.003738 0.070093 0.120561 0.879439
GCTTG 0.024390 0.089431 0.162602 0.276423 0.723577
TGCCG 0.050645 0.033456 0.222376 0.306476 0.693524
CTCAG 0.036064 0.013327 0.323379 0.372770 0.627230
ACGAG 0.028239 0.038870 0.354928 0.422038 0.577962
AGAGA 0.007913 0.043769 0.313056 0.364738 0.635262
ACAGA 0.010181 0.019689 0.171993 0.201863 0.798137
ACACA 0.087062 0.089818 0.462014 0.638894 0.361106
AATGA 0.014599 0.043796 0.467153 0.525547 0.474453
AGACA 0.079134 0.042918 0.277202 0.399255 0.600745
ACAGC 0.016000 0.120000 0.393000 0.529000 0.471000
AGAGC 0.075473 0.104187 0.331569 0.511229 0.488771
AATCA 0.014749 0.073746 0.407080 0.495575 0.504425
ACACC 0.157609 0.054348 0.271739 0.483696 0.516304
AATGC 0.018405 0.024540 0.219325 0.262270 0.737730
AGACC 0.074231 0.060275 0.275283 0.409790 0.590210
AATCC 0.010870 0.086957 0.331522 0.429348 0.570652
CAGTT 0.013245 0.066225 0.470199 0.549669 0.450331
GTCGT 0.037769 0.058790 0.311850 0.408408 0.591592
AGAGG 0.024590 0.016393 0.163934 0.204918 0.795082
GTCCT 0.004819 0.037349 0.746988 0.789157 0.210843
ACAGG 0.041387 0.046667 0.254874 0.342927 0.657073
AATGG 0.056818 0.022727 0.431818 0.511364 0.488636
ACACG 0.101031 0.094845 0.332646 0.528522 0.471478
AGACG 0.096141 0.025532 0.246540 0.368214 0.631786
TCCGT 0.060644 0.056931 0.357673 0.475248 0.524752
GCTTT 0.022124 0.075221 0.690265 0.787611 0.212389
TGCGT 0.071429 0.085034 0.305556 0.462018 0.537982
AGGAT 0.027344 0.042969 0.389648 0.459961 0.540039
CTCAT 0.058415 0.035233 0.404863 0.498511 0.501489
ACGAT 0.018910 0.025491 0.254542 0.298943 0.701057
TGCCT 0.039039 0.111111 0.527027 0.677177 0.322823
TTTGA 0.000000 0.051020 0.474490 0.525510 0.474490
TTTCA 0.058140 0.116279 0.540698 0.715116 0.284884
TTTGC 0.028283 0.049495 0.418182 0.495960 0.504040
TTTCC 0.021834 0.034934 0.279476 0.336245 0.663755
AGAGT 0.027356 0.054711 0.310030 0.392097 0.607903
ACAGT 0.029982 0.036982 0.266314 0.333278 0.666722
AGACT 0.019412 0.036078 0.429608 0.485098 0.514902
ACACT 0.018709 0.044101 0.446735 0.509546 0.490454
AATGT 0.082601 0.057996 0.365847 0.506444 0.493556
TAATG 0.041401 0.070064 0.200637 0.312102 0.687898
TTTGT 0.066187 0.029496 0.301199 0.396882 0.603118
CGGTA 0.023256 0.044186 0.302326 0.369767 0.630233
CGGTC 0.000000 0.000000 0.466667 0.466667 0.533333
GGATA 0.042308 0.043269 0.361218 0.446795 0.553205
CGGTG 0.059701 0.048507 0.216418 0.324627 0.675373
GGATC 0.005181 0.012953 0.511658 0.529793 0.470207
GATTC 0.020833 0.083333 0.558333 0.662500 0.337500
GGATG 0.032258 0.064516 0.241935 0.338710 0.661290
ACTGA 0.040000 0.047778 0.471111 0.558889 0.441111
AGTGA 0.012160 0.030401 0.530639 0.573200 0.426800
ACTCA 0.032985 0.089396 0.347147 0.469528 0.530472
AGTCA 0.025704 0.133827 0.410136 0.569667 0.430333
ACTGC 0.061654 0.047368 0.292481 0.401504 0.598496
AGTGC 0.045548 0.091242 0.396675 0.533465 0.466535
CGGTT 0.014085 0.070423 0.323944 0.408451 0.591549
ACTCC 0.024390 0.068293 0.312195 0.404878 0.595122
AGTCC 0.008152 0.013587 0.160326 0.182065 0.817935
AGTGG 0.058824 0.015898 0.259141 0.333863 0.666137
ACTGG 0.074199 0.023609 0.406408 0.504216 0.495784
AGTCG 0.050171 0.026226 0.323831 0.400228 0.599772
ACTCG 0.038169 0.033488 0.308436 0.380093 0.619907
GATTT 0.000000 0.090909 0.454545 0.545455 0.454545
CTGTA 0.062971 0.048643 0.248617 0.360231 0.639769
CTGTC 0.027857 0.039000 0.341781 0.408637 0.591363
GTATA 0.097147 0.084569 0.369093 0.550809 0.449191
CTGTG 0.062233 0.046635 0.230166 0.339034 0.660966
GTATC 0.030850 0.048909 0.414597 0.494357 0.505643
ACTGT 0.070664 0.025696 0.362955 0.459315 0.540685
AGTGT 0.072100 0.085998 0.363711 0.521809 0.478191
AGTCT 0.008857 0.016094 0.730559 0.755509 0.244491
ACTCT 0.013915 0.041667 0.368475 0.424057 0.575943
TCATA 0.106881 0.070079 0.303017 0.479977 0.520023
TGATA 0.077291 0.106931 0.293890 0.478112 0.521888
TATTA 0.008511 0.004255 0.519149 0.531915 0.468085
GTATG 0.143948 0.046800 0.294214 0.484963 0.515037
TGATC 0.018844 0.071608 0.521776 0.612228 0.387772
TCATC 0.016642 0.040176 0.411931 0.468750 0.531250
TGATG 0.046939 0.085034 0.319184 0.451156 0.548844
TCATG 0.112074 0.055748 0.251204 0.419026 0.580974
CTGTT 0.025882 0.035294 0.383529 0.444706 0.555294
GTATT 0.020747 0.045643 0.676349 0.742739 0.257261
TGATT 0.000000 0.068966 0.137931 0.206897 0.793103
TCATT 0.035961 0.096552 0.355829 0.488342 0.511658
TATTT 0.015504 0.034884 0.686047 0.736434 0.263566
GGTTA 0.021277 0.127660 0.382979 0.531915 0.468085
GGTTC 0.021220 0.021220 0.625818 0.668258 0.331742
GCCTA 0.094512 0.033537 0.359756 0.487805 0.512195
GCCTC 0.015323 0.045161 0.333602 0.394086 0.605914
GCCTG 0.023256 0.021705 0.395349 0.440310 0.559690
AACGA 0.008746 0.005831 0.772352 0.786929 0.213071
AACCA 0.016667 0.047222 0.319444 0.383333 0.616667
AACGC 0.036300 0.063232 0.460187 0.559719 0.440281
AACCC 0.054054 0.135135 0.189189 0.378378 0.621622
AACGG 0.032334 0.013933 0.128286 0.174553 0.825447
AACCG 0.025372 0.032043 0.205599 0.263014 0.736986
GCCTT 0.000000 0.017857 0.464286 0.482143 0.517857
TTCGA 0.017087 0.040352 0.506178 0.563617 0.436383
GTTTA 0.027972 0.117716 0.536131 0.681818 0.318182
TTCCA 0.000000 0.127907 0.453488 0.581395 0.418605
ATGAA 0.020190 0.019082 0.278266 0.317538 0.682462
TTCGC 0.056034 0.060345 0.431034 0.547414 0.452586
ATGAC 0.040323 0.049395 0.319556 0.409274 0.590726
TTCCC 0.010753 0.041667 0.443548 0.495968 0.504032
TGTTA 0.025641 0.051282 0.487179 0.564103 0.435897
TTCGG 0.037651 0.090361 0.134036 0.262048 0.737952
AACGT 0.085895 0.049126 0.224834 0.359855 0.640145
AACCT 0.024823 0.085106 0.510638 0.620567 0.379433
ATGAG 0.041372 0.061049 0.289606 0.392028 0.607972
TGTTC 0.002667 0.018667 0.581333 0.602667 0.397333
TCTTC 0.014663 0.021994 0.524927 0.561584 0.438416
ATAGA 0.011313 0.040885 0.231772 0.283970 0.716030
ATACA 0.078105 0.098897 0.354698 0.531699 0.468301
TCTTG 0.020000 0.000000 0.206667 0.226667 0.773333
TGTTG 0.031496 0.019685 0.251969 0.303150 0.696850
ATAGC 0.028736 0.077586 0.327586 0.433908 0.566092
ATACC 0.075455 0.050770 0.323022 0.449247 0.550753
ATAGG 0.093923 0.039595 0.161602 0.295120 0.704880
ATACG 0.116015 0.035939 0.215006 0.366961 0.633039
TTCGT 0.065247 0.077839 0.316392 0.459478 0.540522
GTTTT 0.027273 0.054545 0.656364 0.738182 0.261818
TTCCT 0.014851 0.037129 0.292079 0.344059 0.655941
ATGAT 0.023778 0.029723 0.251651 0.305152 0.694848
TCTTT 0.005435 0.073370 0.538043 0.616848 0.383152
TGTTT 0.010309 0.020619 0.623711 0.654639 0.345361
ATAGT 0.022961 0.052471 0.278811 0.354243 0.645757
ATACT 0.010484 0.025806 0.317742 0.354032 0.645968
GACTA 0.020933 0.053667 0.177267 0.251867 0.748133
GACTC 0.028044 0.058280 0.519205 0.605529 0.394471
GACTG 0.022222 0.031034 0.206130 0.259387 0.740613
AGCGA 0.031414 0.061955 0.421611 0.514980 0.485020
ACCGA 0.022546 0.018568 0.487622 0.528736 0.471264
AGCCA 0.065934 0.027473 0.263736 0.357143 0.642857
ACCGC 0.063158 0.084211 0.210526 0.357895 0.642105
AGCGC 0.052155 0.101020 0.396594 0.549770 0.450230
ACCGG 0.018617 0.038387 0.158333 0.215337 0.784663
ACCCG 0.046642 0.042910 0.141791 0.231343 0.768657
GACTT 0.007491 0.037453 0.599251 0.644195 0.355805
GCGGA 0.024845 0.065217 0.515528 0.605590 0.394410
ACCGT 0.056166 0.089886 0.359646 0.505698 0.494302
AGCGT 0.089620 0.047352 0.374264 0.511236 0.488764
GCGCA 0.035565 0.082636 0.275279 0.393480 0.606520
AGCCT 0.021505 0.030108 0.404301 0.455914 0.544086
ACCCT 0.005263 0.021053 0.468421 0.494737 0.505263
GCGCC 0.052966 0.095339 0.389831 0.538136 0.461864
TACTA 0.035104 0.051233 0.208254 0.294592 0.705408
GCGGG 0.000000 0.000000 0.260870 0.260870 0.739130
CCGAA 0.018277 0.046997 0.395997 0.461271 0.538729
ATTCA 0.025890 0.056634 0.331176 0.413700 0.586300
TACTC 0.006925 0.064404 0.426593 0.497922 0.502078
GCGCG 0.048093 0.097844 0.301824 0.447761 0.552239
ATTCC 0.000000 0.071429 0.285714 0.357143 0.642857
CCGAC 0.029299 0.045406 0.370024 0.444729 0.555271
TACTG 0.033035 0.035834 0.225644 0.294513 0.705487
GCAAA 0.022727 0.081818 0.440909 0.545455 0.454545
ATTCG 0.027778 0.023742 0.212488 0.264008 0.735992
CCGAG 0.005618 0.018727 0.372659 0.397004 0.602996
GCAAC 0.026490 0.026490 0.159676 0.212656 0.787344
CCAGC 0.109589 0.109589 0.342466 0.561644 0.438356
GCAAG 0.025543 0.053640 0.427714 0.506897 0.493103
CCACC 0.031707 0.053659 0.264634 0.350000 0.650000
GCGGT 0.000000 0.057143 0.442857 0.500000 0.500000
AAATG 0.025210 0.042017 0.411765 0.478992 0.521008
CCAGG 0.043307 0.000000 0.377953 0.421260 0.578740
GCGCT 0.016598 0.031639 0.349585 0.397822 0.602178
CCACG 0.069892 0.043011 0.387097 0.500000 0.500000
TACTT 0.004651 0.037209 0.474419 0.516279 0.483721
CCGAT 0.000000 0.027027 0.459459 0.486486 0.513514
ATTCT 0.003145 0.015723 0.441824 0.460692 0.539308
TTATA 0.031746 0.174603 0.380952 0.587302 0.412698
GGCTA 0.031469 0.045455 0.192308 0.269231 0.730769
GGCTC 0.034483 0.047414 0.495690 0.577586 0.422414
TTATC 0.003534 0.021201 0.303887 0.328622 0.671378
GCAAT 0.011364 0.051136 0.323864 0.386364 0.613636
CCAGT 0.024691 0.061728 0.302469 0.388889 0.611111
CCACT 0.020408 0.020408 0.469388 0.510204 0.489796
GTCTA 0.036317 0.029137 0.116304 0.181758 0.818242
GAGCA 0.063687 0.034974 0.286701 0.385363 0.614637
GTCTC 0.008627 0.042831 0.261042 0.312500 0.687500
GAGCC 0.087977 0.067449 0.416422 0.571848 0.428152
TCCTA 0.020889 0.060647 0.249326 0.330863 0.669137
TGCTA 0.024818 0.036642 0.183679 0.245139 0.754861
GTCTG 0.028873 0.071485 0.245628 0.345987 0.654013
TCCTC 0.006211 0.105590 0.257764 0.369565 0.630435
CAGAA 0.021605 0.095679 0.360082 0.477366 0.522634
TGCTC 0.022478 0.024488 0.566703 0.613670 0.386330
GAGCG 0.079479 0.059935 0.325733 0.465147 0.534853
CAGAC 0.041640 0.045970 0.364162 0.451772 0.548228
TCCTG 0.022573 0.024831 0.433409 0.480813 0.519187
TGCTG 0.052395 0.037924 0.289754 0.380073 0.619927
GCTAA 0.010000 0.060000 0.460000 0.530000 0.470000
CAGAG 0.028605 0.035026 0.461471 0.525102 0.474898
GAAAC 0.004425 0.065265 0.219027 0.288717 0.711283
ACATA 0.107997 0.064023 0.296544 0.468565 0.531435
AGATA 0.055348 0.078974 0.312282 0.446604 0.553396
AATTA 0.030303 0.060606 0.333333 0.424242 0.575758
CAAGA 0.031086 0.071910 0.317228 0.420225 0.579775
GCTAC 0.045532 0.128936 0.230638 0.405106 0.594894
CAACA 0.117119 0.030185 0.270267 0.417572 0.582428
ACATC 0.024322 0.074680 0.387356 0.486358 0.513642
AGATC 0.018215 0.032787 0.583789 0.634791 0.365209
CCTCA 0.021930 0.120927 0.402047 0.544904 0.455096
AATTC 0.006787 0.049774 0.674208 0.730769 0.269231
CAAGC 0.047718 0.041494 0.338174 0.427386 0.572614
GAAAG 0.031250 0.125000 0.531250 0.687500 0.312500
CCTGC 0.025271 0.069946 0.468412 0.563628 0.436372
CAACC 0.094801 0.073394 0.272171 0.440367 0.559633
GCTAG 0.060484 0.015762 0.293622 0.369868 0.630132
GTCTT 0.025559 0.054313 0.290735 0.370607 0.629393
GAGGT 0.025316 0.000000 0.139241 0.164557 0.835443
ACATG 0.050743 0.037006 0.302916 0.390664 0.609336
AGATG 0.031052 0.054499 0.460287 0.545839 0.454161
CAAGG 0.029958 0.053470 0.265832 0.349261 0.650739
GAGCT 0.008026 0.017657 0.333066 0.358748 0.641252
CAACG 0.107143 0.017857 0.500000 0.625000 0.375000
CCTGG 0.026634 0.036320 0.438257 0.501211 0.498789
CCTCG 0.024731 0.037634 0.343369 0.405735 0.594265
TGCTT 0.025478 0.098726 0.455414 0.579618 0.420382
TCCTT 0.016064 0.078313 0.457831 0.552209 0.447791
CAGAT 0.045169 0.068932 0.366195 0.480296 0.519704
TTTTA 0.042553 0.049645 0.294326 0.386525 0.613475
TTTTC 0.005917 0.097633 0.352071 0.455621 0.544379
GCTAT 0.086679 0.048358 0.288625 0.423662 0.576338
AGATT 0.033333 0.033333 0.200000 0.266667 0.733333
ACATT 0.013514 0.054054 0.364865 0.432432 0.567568
TAGGA 0.027317 0.019512 0.499837 0.546667 0.453333
CAAGT 0.030645 0.046774 0.129570 0.206989 0.793011
TAGCA 0.026934 0.042127 0.294890 0.363950 0.636050
TTTTG 0.028894 0.030151 0.285176 0.344221 0.655779
CAACT 0.013514 0.202703 0.292383 0.508600 0.491400
TAGGC 0.017903 0.038363 0.360614 0.416880 0.583120
CCTGT 0.040293 0.041514 0.472527 0.554335 0.445665
CCTCT 0.030030 0.006006 0.370871 0.406907 0.593093
TAGGG 0.040323 0.084677 0.209677 0.334677 0.665323
TAGCG 0.044156 0.072529 0.198610 0.315295 0.684705
TAAAA 0.020833 0.034722 0.444444 0.500000 0.500000
TAAAC 0.012397 0.074380 0.212810 0.299587 0.700413
TTTTT 0.005881 0.077863 0.302363 0.386107 0.613893
TAGGT 0.062500 0.083333 0.187500 0.333333 0.666667
TAGCT 0.005376 0.049059 0.411290 0.465726 0.534274
GGGGA 0.007380 0.066421 0.638376 0.712177 0.287823
GGGCA 0.039906 0.039124 0.272300 0.351330 0.648670
GGGGC 0.013793 0.137931 0.413793 0.565517 0.434483
GGGCC 0.048309 0.055556 0.319243 0.423108 0.576892
GGGCG 0.044118 0.014706 0.198529 0.257353 0.742647
CGGAC 0.035385 0.038526 0.453308 0.527219 0.472781
ATCGA 0.019400 0.019933 0.540907 0.580240 0.419760
GGAAA 0.025000 0.100000 0.550000 0.675000 0.325000
ATCGC 0.036440 0.108885 0.370499 0.515825 0.484175
GATAA 0.021368 0.055556 0.393162 0.470085 0.529915
CGGAG 0.089918 0.002725 0.482289 0.574932 0.425068
GGAAC 0.044944 0.078652 0.280899 0.404494 0.595506
ACTTA 0.057143 0.076190 0.219048 0.352381 0.647619
CGAGA 0.002545 0.055980 0.365140 0.423664 0.576336
GATAC 0.037943 0.035247 0.232107 0.305297 0.694703
CATGA 0.012195 0.048780 0.557419 0.618394 0.381606
CGACA 0.042312 0.133901 0.323766 0.499979 0.500021
ATCCG 0.026316 0.074694 0.329346 0.430356 0.569644
AGTTC 0.020336 0.011009 0.490581 0.521927 0.478073
CGAGC 0.027535 0.123237 0.538617 0.689389 0.310611
CATCA 0.030585 0.072606 0.399364 0.502555 0.497445
CGACC 0.093333 0.053333 0.253333 0.400000 0.600000
GGAAG 0.080808 0.030303 0.464646 0.575758 0.424242
CATGC 0.026502 0.029435 0.283045 0.338982 0.661018
CATCC 0.049296 0.075704 0.301643 0.426643 0.573357
GATAG 0.023019 0.010466 0.398499 0.431984 0.568016
AGTTG 0.000000 0.000000 0.269231 0.269231 0.730769
GGGCT 0.019417 0.019417 0.495146 0.533981 0.466019
ACTTG 0.011407 0.079848 0.365019 0.456274 0.543726
CATGG 0.060606 0.060606 0.196970 0.318182 0.681818
CGACG 0.067685 0.073357 0.317809 0.458851 0.541149
CATCG 0.032051 0.027547 0.288652 0.348250 0.651750
CGGAT 0.021127 0.025822 0.415493 0.462441 0.537559
GTGGA 0.009132 0.045662 0.385845 0.440639 0.559361
GTGCA 0.022043 0.044087 0.276417 0.342547 0.657453
ATCGT 0.056692 0.092538 0.305231 0.454461 0.545539
ATCCT 0.026578 0.079734 0.529900 0.636213 0.363787
GGAAT 0.000000 0.100000 0.466667 0.566667 0.433333
GTGCC 0.065574 0.081967 0.282787 0.430328 0.569672
GATAT 0.056162 0.053172 0.321503 0.430837 0.569163
TCGGA 0.000000 0.094017 0.478632 0.572650 0.427350
TGGGA 0.007407 0.055556 0.555556 0.618519 0.381481
CTGAA 0.030201 0.087248 0.244966 0.362416 0.637584
GTGGG 0.018059 0.034989 0.274266 0.327314 0.672686
AGTTT 0.013774 0.061983 0.494490 0.570248 0.429752
CGAGT 0.053618 0.037064 0.412064 0.502745 0.497255
TCGCA 0.034134 0.046387 0.307952 0.388472 0.611528
ACTTT 0.020173 0.070605 0.524496 0.615274 0.384726
CATGT 0.082744 0.051080 0.325984 0.459808 0.540192
GTGCG 0.038673 0.032316 0.186946 0.257936 0.742064
CGACT 0.015986 0.032902 0.430317 0.479205 0.520795
TGGGC 0.010526 0.110526 0.401316 0.522368 0.477632
TCGCC 0.057060 0.121534 0.346873 0.525467 0.474533
CATCT 0.018229 0.029204 0.581473 0.628906 0.371094
CTGAC 0.012690 0.007614 0.479695 0.500000 0.500000
GTAAA 0.013514 0.216216 0.500000 0.729730 0.270270
TGGGG 0.030675 0.079755 0.435583 0.546012 0.453988
CTGAG 0.038707 0.059199 0.283546 0.381451 0.618549
TCGCG 0.037711 0.046814 0.259428 0.343953 0.656047
TGGCG 0.027027 0.015015 0.213213 0.255255 0.744745
GTAAC 0.019718 0.045070 0.284507 0.349296 0.650704
CTAGA 0.017331 0.028746 0.227065 0.273142 0.726858
CTACA 0.090702 0.098246 0.353158 0.542105 0.457895
TCAAA 0.029762 0.182540 0.345238 0.557540 0.442460
CTAGC 0.021851 0.198586 0.385604 0.606041 0.393959
GTAAG 0.012195 0.073171 0.426829 0.512195 0.487805
TATAA 0.026152 0.073138 0.392952 0.492243 0.507757
CTACC 0.012422 0.062112 0.322981 0.397516 0.602484
TGAAC 0.027378 0.062920 0.296110 0.386407 0.613593
TCAAC 0.003155 0.124956 0.266912 0.395023 0.604977
TATAC 0.029406 0.052216 0.254935 0.336556 0.663444
GTGGT 0.028926 0.016529 0.272727 0.318182 0.681818
CTAGG 0.083333 0.007576 0.348485 0.439394 0.560606
GTGCT 0.026976 0.027133 0.265632 0.319741 0.680259
CTACG 0.082226 0.058970 0.234773 0.375969 0.624031
TCAAG 0.040709 0.021711 0.418423 0.480843 0.519157
TATAG 0.021968 0.015593 0.365282 0.402844 0.597156
TCGGT 0.019672 0.160656 0.522951 0.703279 0.296721
TGGCT 0.072464 0.101449 0.420290 0.594203 0.405797
TCGCT 0.013085 0.027548 0.385904 0.426538 0.573462
CTGAT 0.046375 0.052495 0.310593 0.409463 0.590537
GTAAT 0.051282 0.504274 0.247863 0.803419 0.196581
CTAGT 0.025641 0.033092 0.210826 0.269560 0.730440
CTACT 0.010116 0.047688 0.428468 0.486272 0.513728
TGAAT 0.041358 0.072391 0.446801 0.560550 0.439450
TATAT 0.037500 0.088573 0.401010 0.527083 0.472917
GGTAA 0.023256 0.209302 0.441860 0.674419 0.325581
CGTGA 0.022257 0.046813 0.488192 0.557262 0.442738
GCCAA 0.026178 0.062827 0.460733 0.549738 0.450262
CGTCA 0.031462 0.111649 0.435221 0.578332 0.421668
CGTGC 0.059211 0.100202 0.503289 0.662702 0.337298
CGTCC 0.038462 0.038462 0.423077 0.500000 0.500000
GCCAC 0.000000 0.084746 0.203390 0.288136 0.711864
AACTA 0.015306 0.010204 0.066327 0.091837 0.908163
GGTAG 0.003704 0.033333 0.203704 0.240741 0.759259
AACTC 0.025585 0.086745 0.411062 0.523392 0.476608
CCCCA 0.026699 0.351942 0.274272 0.652913 0.347087
CGTGG 0.045455 0.000000 0.227273 0.272727 0.727273
CGTCG 0.043805 0.045682 0.405298 0.494785 0.505215
CCCCC 0.012301 0.092398 0.240036 0.344735 0.655265
AACTG 0.035398 0.053097 0.424779 0.513274 0.486726
CCCGG 0.016129 0.029032 0.248387 0.293548 0.706452
TTCTA 0.132463 0.018657 0.339552 0.490672 0.509328
TTCTC 0.005319 0.069149 0.486702 0.561170 0.438830
CGTGT 0.095249 0.090913 0.350728 0.536889 0.463111
GCCAT 0.049145 0.027422 0.436254 0.512821 0.487179
CGTCT 0.011705 0.019474 0.694427 0.725606 0.274394
AACTT 0.016949 0.245763 0.644068 0.906780 0.093220
CCCGT 0.052381 0.019048 0.352381 0.423810 0.576190
CCCCT 0.005391 0.033693 0.512129 0.551213 0.448787
ATATA 0.118687 0.061193 0.354209 0.534089 0.465911
GTTAC 0.072874 0.080972 0.255061 0.408907 0.591093
ATATC 0.019584 0.033048 0.399021 0.451652 0.548348
CTTCA 0.005405 0.064865 0.389189 0.459459 0.540541
TGTAA 0.057143 0.042857 0.428571 0.528571 0.471429
CTTGC 0.029621 0.054502 0.460900 0.545024 0.454976
CTTCC 0.096154 0.019231 0.250000 0.365385 0.634615
TCTAC 0.033166 0.067110 0.208154 0.308429 0.691571
ATATG 0.099569 0.054414 0.298199 0.452182 0.547818
TGTAC 0.050439 0.040844 0.217014 0.308297 0.691703
CTTGG 0.010638 0.015957 0.367021 0.393617 0.606383
CTTCG 0.034974 0.020725 0.273316 0.329016 0.670984
TGTAG 0.017738 0.015123 0.270241 0.303103 0.696897
TTCTT 0.005932 0.026271 0.405932 0.438136 0.561864
TCTAG 0.029588 0.017105 0.279138 0.325831 0.674169
ATATT 0.065574 0.065574 0.377049 0.508197 0.491803
CTTGT 0.042056 0.060748 0.420561 0.523364 0.476636
CTTCT 0.060274 0.021918 0.657534 0.739726 0.260274
TCTAT 0.056402 0.075457 0.365091 0.496951 0.503049
TGTAT 0.052782 0.110380 0.397600 0.560762 0.439238
GACAA 0.033146 0.034887 0.401876 0.469909 0.530091
AGCTA 0.020446 0.108736 0.229554 0.358736 0.641264
GACAC 0.066176 0.037330 0.331448 0.434955 0.565045
ACCTA 0.037721 0.024077 0.341894 0.403692 0.596308
AVG 0.035258 0.058869 0.361753 0.455880 0.544120
