TTGA 0.007108 0.004468 0.036962 0.048538 0.951462
CTAG 0.009443 0.010873 0.030000 0.050316 0.949684
TTTT 0.004419 0.092133 0.061093 0.157645 0.842355
CTCA 0.021984 0.012135 0.051081 0.085200 0.914800
TGTC 0.007602 0.009002 0.037412 0.054015 0.945985
TTGC 0.004290 0.011043 0.053486 0.068819 0.931181
TGAG 0.013477 0.022925 0.031562 0.067964 0.932036
CTCC 0.007244 0.064471 0.050574 0.122289 0.877711
CTTG 0.026807 0.009352 0.058901 0.095060 0.904940
TGCA 0.009993 0.012837 0.048285 0.071115 0.928885
TGCC 0.013799 0.025247 0.060005 0.099051 0.900949
TTCT 0.008585 0.016072 0.045156 0.069812 0.930188
TGTG 0.008320 0.038162 0.036690 0.083172 0.916828
TTGG 0.006541 0.037141 0.040878 0.084560 0.915440
CTCG 0.021320 0.010983 0.046017 0.078320 0.921680
TGCG 0.013576 0.015442 0.039619 0.068638 0.931362
CAGT 0.010700 0.008458 0.038656 0.057814 0.942186
CGAA 0.006210 0.018321 0.024444 0.048974 0.951026
TCAA 0.008527 0.013772 0.055132 0.077431 0.922569
AAAA 0.002735 0.097415 0.053975 0.154125 0.845875
CGAC 0.007482 0.006127 0.034203 0.047812 0.952188
TCAC 0.007375 0.020580 0.035366 0.063321 0.936679
CTAT 0.005400 0.007487 0.029049 0.041936 0.958064
AAAC 0.022208 0.003857 0.026077 0.052142 0.947858
TCTA 0.014639 0.010365 0.061237 0.086241 0.913759
CGTA 0.012039 0.008918 0.044240 0.065197 0.934803
AATA 0.006358 0.008292 0.043263 0.057913 0.942087
CTGA 0.020706 0.010826 0.031829 0.063361 0.936639
TGAT 0.004688 0.004767 0.017401 0.026857 0.973143
CTTT 0.006819 0.055066 0.051615 0.113500 0.886500
TCTC 0.009463 0.026017 0.027840 0.063319 0.936681
CGTC 0.004181 0.005257 0.027728 0.037166 0.962834
AATC 0.001504 0.005905 0.019921 0.027331 0.972669
TGGA 0.007632 0.027261 0.054508 0.089402 0.910598
CTGC 0.006377 0.010730 0.037640 0.054748 0.945252
CGAG 0.011143 0.021672 0.035159 0.067973 0.932027
TCAG 0.007898 0.011954 0.031395 0.051247 0.948753
AAAG 0.019054 0.008574 0.036837 0.064465 0.935535
TGTT 0.005563 0.011126 0.037245 0.053934 0.946066
TCCA 0.011541 0.011980 0.053616 0.077137 0.922863
CGCA 0.009105 0.009463 0.043323 0.061891 0.938109
AACA 0.006760 0.004615 0.025939 0.037314 0.962686
TGGC 0.011592 0.004373 0.032032 0.047997 0.952003
TTGT 0.004197 0.006515 0.071352 0.082064 0.917936
TCCC 0.002593 0.023872 0.071422 0.097887 0.902113
CGCC 0.009243 0.017767 0.051444 0.078453 0.921547
CTCT 0.011881 0.057970 0.042379 0.112230 0.887770
CGTG 0.010005 0.020913 0.035332 0.066251 0.933749
TCTG 0.009609 0.004674 0.035908 0.050190 0.949810
AACC 0.008944 0.019362 0.050675 0.078982 0.921018
AATG 0.005007 0.005354 0.042370 0.052731 0.947269
CTGG 0.004731 0.051240 0.038063 0.094034 0.905966
TGCT 0.008185 0.014247 0.052948 0.075380 0.924620
TGGG 0.006131 0.051392 0.048026 0.105549 0.894451
TCCG 0.017341 0.006326 0.044392 0.068059 0.931941
CGCG 0.009224 0.024927 0.034368 0.068519 0.931481
AACG 0.010197 0.007512 0.051310 0.069019 0.930981
CCAA 0.001304 0.012710 0.052033 0.066046 0.933954
CCAC 0.005314 0.005416 0.045187 0.055917 0.944083
GAAA 0.002067 0.026817 0.033147 0.062031 0.937969
CCTA 0.015383 0.004624 0.078859 0.098866 0.901134
CGAT 0.004121 0.004040 0.018919 0.027080 0.972920
TCAT 0.006052 0.006479 0.030908 0.043440 0.956560
GAAC 0.008873 0.002923 0.024669 0.036465 0.963535
CCTC 0.011550 0.019510 0.029796 0.060856 0.939144
AAAT 0.021464 0.009906 0.059989 0.091359 0.908641
CCAG 0.007166 0.010084 0.029617 0.046867 0.953133
CGGA 0.021137 0.049580 0.046329 0.117046 0.882954
TCGA 0.009877 0.005396 0.023215 0.038488 0.961512
GATA 0.007514 0.006941 0.049869 0.064324 0.935676
AAGA 0.007518 0.003819 0.024527 0.035864 0.964136
TCTT 0.003835 0.031514 0.038919 0.074268 0.925732
CCCA 0.027232 0.011359 0.071280 0.109871 0.890129
CGTT 0.004299 0.009092 0.035738 0.049129 0.950871
AATT 0.003902 0.029266 0.036360 0.069528 0.930472
TCGC 0.005597 0.009942 0.027857 0.043396 0.956604
GATC 0.002995 0.005919 0.015544 0.024458 0.975542
CTGT 0.010514 0.013058 0.045212 0.068784 0.931216
GAAG 0.005931 0.008786 0.031576 0.046293 0.953707
CCCC 0.003137 0.173512 0.095554 0.272203 0.727797
CCTG 0.012370 0.006119 0.043950 0.062439 0.937561
AAGC 0.006607 0.007965 0.038219 0.052791 0.947209
TGGT 0.004590 0.004809 0.033443 0.042842 0.957158
ATAA 0.008257 0.026211 0.051817 0.086286 0.913714
GACA 0.009091 0.009929 0.055324 0.074343 0.925657
TCCT 0.017669 0.012852 0.068110 0.098630 0.901370
CGCT 0.010881 0.014402 0.050392 0.075675 0.924325
AACT 0.005800 0.023855 0.039891 0.069546 0.930454
GACC 0.008158 0.016692 0.049159 0.074009 0.925991
TCGG 0.007784 0.077704 0.040138 0.125626 0.874374
CGGG 0.011261 0.061410 0.041984 0.114655 0.885345
ATAC 0.005147 0.006564 0.032601 0.044311 0.955689
GATG 0.004051 0.006862 0.023170 0.034083 0.965917
AAGG 0.013787 0.021897 0.033197 0.068880 0.931120
CCCG 0.021860 0.003233 0.075123 0.100216 0.899784
ATTA 0.007168 0.008251 0.058343 0.073762 0.926238
ATTC 0.011151 0.021399 0.029822 0.062372 0.937628
GACG 0.008662 0.008594 0.037404 0.054660 0.945340
ATAG 0.011819 0.009106 0.034987 0.055912 0.944088
ATCA 0.013866 0.015307 0.049582 0.078755 0.921245
CCAT 0.006911 0.008238 0.038134 0.053284 0.946716
ATCC 0.008078 0.039209 0.048215 0.095502 0.904498
CCGA 0.020250 0.011807 0.050515 0.082571 0.917429
GAAT 0.009099 0.003958 0.036696 0.049753 0.950247
CCTT 0.005762 0.031726 0.051916 0.089403 0.910597
CCGC 0.007244 0.006250 0.033523 0.047017 0.952983
ATCG 0.011292 0.008301 0.037546 0.057139 0.942861
GAGA 0.011538 0.010019 0.023209 0.044766 0.955234
GATT 0.002855 0.014229 0.030501 0.047586 0.952414
CGGT 0.006433 0.005058 0.063772 0.075263 0.924737
TCGT 0.007482 0.009267 0.039433 0.056183 0.943817
AAGT 0.006164 0.018179 0.043084 0.067426 0.932574
CCCT 0.019961 0.021748 0.082927 0.124636 0.875364
GAGC 0.009285 0.019269 0.036019 0.064574 0.935426
GTAA 0.005116 0.011573 0.029078 0.045766 0.954234
AGAA 0.004724 0.009363 0.019069 0.033156 0.966844
CCGG 0.004855 0.041455 0.042272 0.088582 0.911418
ATAT 0.005640 0.010867 0.025599 0.042106 0.957894
GACT 0.006442 0.014074 0.047066 0.067583 0.932417
GTAC 0.005849 0.006655 0.034873 0.047377 0.952623
AGAC 0.010114 0.003946 0.035319 0.049379 0.950621
GAGG 0.017220 0.043665 0.036285 0.097171 0.902829
GTTA 0.008103 0.004202 0.062725 0.075030 0.924970
AGTA 0.007997 0.011135 0.031569 0.050701 0.949299
ATGA 0.009184 0.009643 0.027379 0.046207 0.953793
GTTC 0.007573 0.005172 0.045157 0.057902 0.942098
ATTT 0.005898 0.025187 0.024512 0.055597 0.944403
AGTC 0.003855 0.008864 0.026014 0.038733 0.961267
AGAG 0.009926 0.034602 0.033180 0.077708 0.922292
ATGC 0.004593 0.008674 0.030997 0.044264 0.955736
GTAG 0.008609 0.011195 0.035245 0.055049 0.944951
AGCA 0.009269 0.013181 0.041369 0.063819 0.936181
GTCA 0.011726 0.020318 0.060320 0.092364 0.907636
GTTG 0.009848 0.008729 0.023277 0.041853 0.958147
GTCC 0.004399 0.037782 0.048119 0.090300 0.909700
AGCC 0.009876 0.020415 0.036747 0.067038 0.932962
AGTG 0.008801 0.014869 0.038056 0.061726 0.938274
ATCT 0.008507 0.022647 0.037208 0.068362 0.931638
ATGG 0.005571 0.031349 0.028359 0.065279 0.934721
CCGT 0.012175 0.008596 0.048594 0.069366 0.930634
GTCG 0.012186 0.007691 0.036919 0.056795 0.943205
AGCG 0.013262 0.011287 0.031544 0.056092 0.943908
ACAA 0.003371 0.013618 0.029369 0.046358 0.953642
GAGT 0.012253 0.011195 0.038039 0.061487 0.938513
GGAA 0.004893 0.007208 0.021325 0.033426 0.966574
ACAC 0.009071 0.029174 0.030587 0.068832 0.931168
ACTA 0.023787 0.009350 0.047058 0.080196 0.919804
GGAC 0.003776 0.004165 0.047469 0.055411 0.944589
GTAT 0.005961 0.008122 0.031303 0.045386 0.954614
AGAT 0.006928 0.006607 0.028609 0.042144 0.957856
GGTA 0.006865 0.006407 0.036842 0.050114 0.949886
ACTC 0.013575 0.036938 0.033494 0.084006 0.915994
AGGA 0.019736 0.006480 0.025193 0.051409 0.948591
GTGA 0.011687 0.012649 0.023238 0.047574 0.952426
ACAG 0.008468 0.012121 0.028373 0.048962 0.951038
GTTT 0.002567 0.021015 0.034380 0.057962 0.942038
GGTC 0.004154 0.004121 0.035544 0.043819 0.956181
ACCA 0.009329 0.011075 0.050831 0.071235 0.928765
AGTT 0.003356 0.004617 0.031385 0.039357 0.960643
GGAG 0.003595 0.006252 0.042670 0.052516 0.947484
AGGC 0.009802 0.004899 0.043675 0.058376 0.941624
GTGC 0.005735 0.011078 0.036303 0.053116 0.946884
ATGT 0.006787 0.021024 0.045496 0.073307 0.926693
GGCA 0.007000 0.009215 0.038446 0.054661 0.945339
ACTG 0.012845 0.003753 0.032902 0.049499 0.950501
ACCC 0.010241 0.097749 0.074833 0.182823 0.817177
GGCC 0.007321 0.020743 0.056296 0.084360 0.915640
GGTG 0.014244 0.005651 0.035764 0.055659 0.944341
AGCT 0.006786 0.014430 0.050547 0.071762 0.928238
GTCT 0.009223 0.017768 0.049883 0.076873 0.923127
GTGG 0.006758 0.027953 0.043027 0.077738 0.922262
AGGG 0.015525 0.094799 0.037525 0.147849 0.852151
ACCG 0.015906 0.013037 0.057150 0.086093 0.913907
TAAA 0.002120 0.005993 0.024850 0.032963 0.967037
GGCG 0.012963 0.013896 0.036016 0.062876 0.937124
TAAC 0.008200 0.002926 0.039860 0.050986 0.949014
GCAA 0.005022 0.014219 0.035127 0.054368 0.945632
TATA 0.007920 0.018349 0.052764 0.079032 0.920968
GCAC 0.013000 0.010246 0.032621 0.055867 0.944133
TATC 0.004895 0.009496 0.026796 0.041186 0.958814
ACAT 0.004657 0.008214 0.026328 0.039199 0.960801
TAAG 0.017060 0.008871 0.034596 0.060526 0.939474
GCTA 0.016896 0.013457 0.070164 0.100517 0.899483
GGAT 0.004592 0.005031 0.041002 0.050625 0.949375
TACA 0.010272 0.012044 0.045617 0.067933 0.932067
ACGA 0.008840 0.009905 0.025868 0.044614 0.955386
ACTT 0.007294 0.019337 0.029280 0.055911 0.944089
GCTC 0.011059 0.011225 0.024770 0.047055 0.952945
ACGC 0.005299 0.006930 0.021473 0.033702 0.966298
TACC 0.014141 0.019001 0.052605 0.085747 0.914253
GGGA 0.014208 0.005654 0.033029 0.052892 0.947108
TATG 0.006066 0.012293 0.028297 0.046655 0.953345
GCAG 0.007264 0.008010 0.027110 0.042384 0.957616
GGTT 0.002079 0.009117 0.035411 0.046606 0.953394
GCCA 0.005449 0.003650 0.027254 0.036353 0.963647
AGGT 0.007660 0.006829 0.047824 0.062313 0.937687
GGGC 0.010266 0.002960 0.031585 0.044811 0.955189
GTGT 0.008533 0.016427 0.051940 0.076900 0.923100
GCCC 0.017829 0.053707 0.077960 0.149497 0.850503
ACCT 0.010471 0.017150 0.059615 0.087237 0.912763
GCTG 0.011600 0.003026 0.023649 0.038275 0.961725
ACGG 0.007810 0.026179 0.045003 0.078992 0.921008
TACG 0.013817 0.006903 0.034031 0.054752 0.945248
GGCT 0.007549 0.015099 0.053148 0.075796 0.924204
CAAA 0.002854 0.022201 0.039454 0.064509 0.935491
GGGG 0.003385 0.177789 0.043681 0.224855 0.775145
GCCG 0.011650 0.009400 0.044198 0.065248 0.934752
CAAC 0.008842 0.010380 0.041888 0.061110 0.938890
CATA 0.008373 0.010648 0.040947 0.059968 0.940032
TAAT 0.007109 0.003318 0.030806 0.041232 0.958768
CATC 0.003380 0.005490 0.020047 0.028917 0.971083
CAAG 0.017774 0.008209 0.033049 0.059032 0.940968
TAGA 0.012838 0.007910 0.029935 0.050683 0.949317
TATT 0.003754 0.002638 0.028308 0.034700 0.965300
GCAT 0.005438 0.005436 0.034609 0.045483 0.954517
CACA 0.010445 0.016580 0.046177 0.073201 0.926799
TAGC 0.005449 0.011377 0.036503 0.053328 0.946672
CACC 0.007136 0.016846 0.066960 0.090942 0.909058
TTAA 0.002679 0.002961 0.032003 0.037643 0.962357
CATG 0.007315 0.009123 0.035968 0.052406 0.947594
GCGA 0.009247 0.009246 0.029221 0.047714 0.952286
GCTT 0.003958 0.024542 0.049726 0.078225 0.921775
TTAC 0.003546 0.014413 0.034889 0.052848 0.947152
TACT 0.007869 0.027862 0.049786 0.085517 0.914483
GCGC 0.006176 0.033855 0.028799 0.068830 0.931170
ACGT 0.008990 0.012192 0.042463 0.063645 0.936355
TTTA 0.030544 0.008710 0.044848 0.084103 0.915897
TAGG 0.011708 0.055565 0.045824 0.113098 0.886902
GGGT 0.012915 0.010301 0.048278 0.071494 0.928506
CACG 0.010144 0.007719 0.030862 0.048724 0.951276
GCCT 0.009048 0.017708 0.051167 0.077922 0.922078
TTTC 0.050551 0.009583 0.039411 0.099545 0.900455
GCGG 0.009497 0.030562 0.024908 0.064967 0.935033
TTAG 0.008577 0.009082 0.029263 0.046922 0.953078
TTCA 0.018192 0.020020 0.075528 0.113741 0.886259
TTTG 0.034971 0.007478 0.054230 0.096679 0.903321
TTCC 0.005899 0.029875 0.057977 0.093752 0.906248
CAAT 0.007464 0.011090 0.043122 0.061676 0.938324
CAGA 0.012456 0.011336 0.027056 0.050848 0.949152
CATT 0.004299 0.009536 0.029658 0.043493 0.956507
TTCG 0.022335 0.007557 0.048254 0.078146 0.921854
CAGC 0.006270 0.008185 0.034342 0.048798 0.951202
CTAA 0.005111 0.017653 0.029593 0.052357 0.947643
TAGT 0.007680 0.010459 0.037134 0.055273 0.944727
TGAA 0.004697 0.004062 0.023371 0.032130 0.967870
CTAC 0.005136 0.008046 0.030482 0.043664 0.956336
CACT 0.008107 0.025085 0.048008 0.081200 0.918800
CTTA 0.016517 0.014157 0.062205 0.092879 0.907121
CAGG 0.010794 0.027574 0.061494 0.099862 0.900138
TGAC 0.009691 0.005704 0.029685 0.045079 0.954921
TTAT 0.004752 0.006095 0.035640 0.046488 0.953512
GCGT 0.012455 0.006987 0.035821 0.055264 0.944736
CTTC 0.013222 0.016719 0.037616 0.067557 0.932443
TGTA 0.009442 0.010507 0.048363 0.068312 0.931688
AVG 0.009437 0.017342 0.040505 0.067284 0.932716
