TTGA	5319	0.000000	0.125000	0.000000	0.125000	0.875000
CTAG	92675	0.046165	0.025000	0.006690	0.077854	0.922146
TTTT	41305	0.000000	0.000748	0.011720	0.012467	0.987533
TGTC	150593	0.000010	0.024799	0.058444	0.083254	0.916746
CTCA	155105	0.007868	0.002854	0.033666	0.044389	0.955611
TTGC	17207	0.000163	0.003126	0.112688	0.115976	0.884024
TGAG	94764	0.000978	0.004534	0.000009	0.005521	0.994479
CTCC	9299	0.000000	0.043094	0.012127	0.055221	0.944779
CTTG	13994	0.100000	0.002931	0.041292	0.144223	0.855777
TGCA	90704	0.000000	0.003906	0.000004	0.003910	0.996090
TGCC	31999	0.000000	0.002075	0.009781	0.011856	0.988144
TTCT	18547	0.000000	0.001106	0.000000	0.001106	0.998894
TGTG	155268	0.014710	0.055981	0.001663	0.072354	0.927646
TTGG	5189	0.000000	0.000259	0.003906	0.004166	0.995834
CTCG	159913	0.000278	0.003356	0.001852	0.005486	0.994514
TGCG	53538	0.000055	0.125122	0.066414	0.191592	0.808408
CAGT	151970	0.050098	0.001737	0.033014	0.084849	0.915151
CGAA	59966	0.000000	0.078125	0.000000	0.078125	0.921875
TCAA	31466	0.000000	0.000000	0.000000	0.000000	1.000000
AAAA	17498	0.000000	0.001953	0.066406	0.068359	0.931641
CTAT	68019	0.000015	0.002311	0.073670	0.075996	0.924004
TCAC	108295	0.000000	0.000001	0.001701	0.001702	0.998298
CGAC	167074	0.000000	0.000000	0.031810	0.031810	0.968190
AAAC	56678	0.002604	0.031250	0.250000	0.283855	0.716145
CGTA	116573	0.000000	0.004482	0.038514	0.042996	0.957004
TCTA	82292	0.056288	0.030254	0.001360	0.087903	0.912097
AATA	22420	0.000407	0.000781	0.011752	0.012941	0.987059
CTGA	71850	0.032122	0.000001	0.015873	0.047995	0.952005
TGAT	96874	0.000140	0.012196	0.001296	0.013632	0.986368
CTTT	18966	0.000977	0.000260	0.000000	0.001236	0.998764
TCTC	155288	0.000193	0.040795	0.025061	0.066049	0.933951
CGTC	124166	0.000000	0.001953	0.000244	0.002197	0.997803
AATC	12404	0.012500	0.012500	0.000061	0.025061	0.974939
TGGA	28477	0.000031	0.072120	0.000140	0.072290	0.927710
CTGC	58459	0.000000	0.000032	0.002198	0.002229	0.997771
CGAG	74851	0.000000	0.000008	0.001251	0.001259	0.998741
TCAG	145369	0.000000	0.000000	0.007422	0.007422	0.992578
AAAG	3659	0.125000	0.078125	0.000031	0.203156	0.796844
TGTT	14156	0.000000	0.000000	0.001953	0.001954	0.998046
TCCA	7913	0.000000	0.003906	0.000000	0.003906	0.996094
CGCA	75054	0.000000	0.000168	0.000735	0.000903	0.999097
AACA	95083	0.000006	0.007819	0.031256	0.039082	0.960918
TGGC	8800	0.000000	0.125000	0.250244	0.375244	0.624756
TTGT	13795	0.050000	0.001954	0.113556	0.165510	0.834490
TCCC	13727	0.000000	0.187642	0.111330	0.298972	0.701028
CGCC	21812	0.000558	0.208737	0.084466	0.293761	0.706239
CTCT	86463	0.005696	0.066335	0.065894	0.137924	0.862076
CGTG	131325	0.000109	0.110603	0.035948	0.146659	0.853341
TCTG	125246	0.027778	0.002993	0.018586	0.049357	0.950643
AACC	27241	0.167358	0.001953	0.125000	0.294312	0.705688
AATG	23690	0.003256	0.100587	0.100208	0.204051	0.795949
CTGG	23254	0.000488	0.125000	0.250732	0.376221	0.623779
TGCT	78555	0.002808	0.058597	0.027721	0.089126	0.910874
TGGG	17343	0.000003	0.004581	0.021485	0.026069	0.973931
TCCG	20530	0.000174	0.083869	0.036511	0.120554	0.879446
CGCG	61424	0.000000	0.131675	0.000046	0.131721	0.868279
AACG	43606	0.034096	0.050394	0.037638	0.122128	0.877872
CCAA	24058	0.000000	0.039188	0.062523	0.101711	0.898289
CCAC	12065	0.000000	0.000492	0.000000	0.000492	0.999508
GAAA	13896	0.000000	0.026042	0.000000	0.026042	0.973958
CCTA	22686	0.000000	0.000656	0.171956	0.172612	0.827388
CGAT	98272	0.000000	0.000000	0.000178	0.000178	0.999822
TCAT	149320	0.000000	0.009766	0.093808	0.103574	0.896426
GAAC	64397	0.000000	0.000000	0.250000	0.250000	0.750000
CCTC	34064	0.000000	0.003907	0.000000	0.003907	0.996093
AAAT	3468	0.000000	0.070442	0.156250	0.226692	0.773308
CCAG	10779	0.000000	0.003906	0.000489	0.004395	0.995605
CGGA	30646	0.000000	0.000000	0.011394	0.011394	0.988606
TCGA	159525	0.003539	0.003706	0.000372	0.007617	0.992383
GATA	163622	0.002841	0.029744	0.012429	0.045014	0.954986
AAGA	33796	0.000000	0.035416	0.000122	0.035538	0.964462
TCTT	16383	0.000000	0.000259	0.000000	0.000260	0.999740
CCCA	10516	0.000622	0.005208	0.094078	0.099908	0.900092
CGTT	14104	0.000000	0.000001	0.000002	0.000003	0.999997
AATT	5800	0.000000	0.172856	0.000000	0.172856	0.827144
TCGC	77061	0.000000	0.175783	0.000000	0.175783	0.824217
GATC	78651	0.050000	0.006090	0.043783	0.099873	0.900127
CTGT	115333	0.016442	0.002097	0.050263	0.068801	0.931199
GAAG	14092	0.000000	0.003907	0.000000	0.003907	0.996093
AAGC	11134	0.000000	0.078125	0.000031	0.078156	0.921844
CCCC	44638	0.008929	0.238461	0.093774	0.341164	0.658836
CCTG	29319	0.000488	0.000000	0.375000	0.375488	0.624512
ATAA	27570	0.000000	0.156984	0.000977	0.157960	0.842040
TGGT	5188	0.000000	0.500492	0.062500	0.562992	0.437008
GACA	159801	0.000784	0.000007	0.029519	0.030311	0.969689
TCCT	21194	0.000000	0.001979	0.022461	0.024440	0.975560
CGCT	57558	0.000031	0.000062	0.004046	0.004138	0.995862
AACT	22809	0.000000	0.031311	0.000000	0.031311	0.968689
GACC	49798	0.000000	0.000070	0.040751	0.040820	0.959180
TCGG	9015	0.000000	0.000488	0.000000	0.000488	0.999512
CGGG	22030	0.000000	0.090750	0.014325	0.105075	0.894925
ATAC	117330	0.055562	0.001953	0.015640	0.073156	0.926844
GATG	111683	0.000000	0.000010	0.000164	0.000175	0.999825
AAGG	34802	0.000000	0.007813	0.000017	0.007830	0.992170
ATTA	14563	0.000000	0.078125	0.000031	0.078156	0.921844
CCCG	6994	0.002604	0.000000	0.000000	0.002604	0.997396
ATTC	31192	0.000000	0.000369	0.023115	0.023483	0.976517
ATAG	120059	0.000002	0.003487	0.015688	0.019177	0.980823
GACG	119974	0.062500	0.000000	0.000000	0.062500	0.937500
ATCA	103650	0.001953	0.000651	0.000001	0.002606	0.997394
CCAT	38220	0.000000	0.062500	0.003296	0.065796	0.934204
ATCC	21802	0.000000	0.005644	0.007861	0.013504	0.986496
CCGA	38041	0.008545	0.000314	0.025845	0.034704	0.965296
GAAT	41089	0.001394	0.000755	0.023266	0.025415	0.974585
CCTT	17533	0.000000	0.015625	0.000000	0.015625	0.984375
CCGC	7272	0.000008	0.166687	0.005208	0.171903	0.828097
ATCG	129225	0.000002	0.001750	0.055556	0.057307	0.942693
GAGA	51180	0.000000	0.000000	0.000000	0.000000	1.000000
GATT	8985	0.000000	0.000618	0.019531	0.020149	0.979851
CGGT	10464	0.000244	0.000895	0.166667	0.167806	0.832194
TCGT	189145	0.000000	0.043271	0.128867	0.172139	0.827861
AAGT	25378	0.000000	0.000001	0.000000	0.000001	0.999999
CCCT	19165	0.000000	0.003907	0.000000	0.003907	0.996093
GAGC	89785	0.000000	0.000000	0.125185	0.125185	0.874815
GTAA	16522	0.000004	0.120199	0.083550	0.203753	0.796247
AGAA	38421	0.000000	0.002930	0.031250	0.034180	0.965820
CCGG	17693	0.000000	0.000950	0.072614	0.073565	0.926435
GACT	109701	0.000000	0.153320	0.078223	0.231543	0.768457
GTAC	89748	0.000004	0.000000	0.083883	0.083888	0.916112
AGAC	136952	0.000196	0.000000	0.031278	0.031474	0.968526
ATAT	114813	0.000070	0.010747	0.001302	0.012120	0.987880
GAGG	1892	0.000000	0.062500	0.000000	0.062500	0.937500
GTTA	3679	0.000000	0.015625	0.000000	0.015625	0.984375
AGTA	92099	0.000003	0.062531	0.031258	0.093792	0.906208
ATGA	89394	0.001125	0.000005	0.000417	0.001547	0.998453
ATTT	12328	0.000000	0.003906	0.000000	0.003907	0.996093
GTTC	42491	0.000000	0.000122	0.064697	0.064819	0.935181
AGTC	146017	0.001569	0.003581	0.000008	0.005157	0.994843
AGAG	51022	0.000001	0.000000	0.000656	0.000657	0.999343
ATGC	71831	0.010422	0.028125	0.002930	0.041477	0.958523
GTAG	122973	0.000183	0.001305	0.000797	0.002286	0.997714
AGCA	68675	0.000010	0.003616	0.013672	0.017299	0.982701
GTCA	144183	0.055556	0.000069	0.019544	0.075169	0.924831
GTTG	5211	0.000000	0.062759	0.000000	0.062760	0.937240
AGCC	12067	0.000000	0.078125	0.125977	0.204102	0.795898
GTCC	19006	0.000000	0.066469	0.000000	0.066469	0.933531
ATCT	114816	0.000000	0.005269	0.015937	0.021206	0.978794
AGTG	142520	0.044125	0.035333	0.021313	0.100771	0.899229
ATGG	13659	0.000000	0.104151	0.000000	0.104151	0.895849
CCGT	38802	0.000036	0.115337	0.100000	0.215373	0.784627
AGCG	83308	0.000000	0.015631	0.100098	0.115729	0.884271
GTCG	113102	0.045543	0.007862	0.000007	0.053412	0.946588
ACAA	79915	0.000000	0.132829	0.000010	0.132838	0.867162
GAGT	84863	0.024306	0.008989	0.000000	0.033295	0.966705
GGAA	9128	0.000008	0.000000	0.062500	0.062508	0.937492
ACAC	67015	0.000000	0.000001	0.000163	0.000164	0.999836
ACTA	85540	0.018270	0.027812	0.125047	0.171128	0.828872
GGAC	70851	0.000000	0.000423	0.020375	0.020798	0.979202
GTAT	149665	0.000000	0.000174	0.000001	0.000175	0.999825
AGAT	132872	0.013364	0.002604	0.013219	0.029187	0.970813
GGTA	5205	0.000000	0.500492	0.000000	0.500492	0.499508
ACTC	135633	0.044665	0.041888	0.049083	0.135636	0.864364
AGGA	35978	0.000244	0.000000	0.062500	0.062745	0.937255
GTGA	115448	0.005797	0.000431	0.000264	0.006492	0.993508
ACAG	174726	0.000783	0.000000	0.022731	0.023514	0.976486
ACCA	36687	0.000004	0.000651	0.019541	0.020196	0.979804
AGTT	26726	0.000000	0.250000	0.000248	0.250248	0.749752
GTTT	15597	0.000000	0.000004	0.125244	0.125248	0.874752
GGTC	12050	0.000000	0.000489	0.500000	0.500489	0.499511
AGGC	45334	0.062500	0.015626	0.000977	0.079103	0.920897
GGAG	6900	0.000000	0.001976	0.078137	0.080113	0.919887
ATGT	158936	0.010417	0.000089	0.011899	0.022404	0.977596
GTGC	106204	0.007527	0.063582	0.009590	0.080699	0.919301
GGCA	29504	0.000000	0.015626	0.000031	0.015656	0.984344
ACTG	52466	0.000244	0.000012	0.000032	0.000288	0.999712
ACCC	8740	0.000000	0.066407	0.000000	0.066407	0.933593
GGCC	21743	0.001312	0.000941	0.113490	0.115743	0.884257
AGCT	66612	0.000000	0.031250	0.250063	0.281313	0.718687
GGTG	9037	0.000000	0.001099	0.000000	0.001099	0.998901
GTCT	158930	0.000000	0.026301	0.080507	0.106808	0.893192
AGGG	18060	0.004469	0.117646	0.087894	0.210008	0.789992
GTGG	17666	0.000000	0.250000	0.000977	0.250977	0.749023
ACCG	49434	0.000695	0.011797	0.062642	0.075134	0.924866
TAAA	10950	0.000000	0.000000	0.062988	0.062988	0.937012
GGCG	18933	0.000081	0.000000	0.016602	0.016683	0.983317
TAAC	16046	0.000000	0.003906	0.015626	0.019532	0.980468
GCAA	33046	0.000014	0.000153	0.023607	0.023773	0.976227
TATA	106755	0.000000	0.000592	0.000397	0.000989	0.999011
GCAC	68008	0.000098	0.004004	0.005380	0.009481	0.990519
TATC	142305	0.000000	0.071273	0.047641	0.118914	0.881086
ACAT	119634	0.000000	0.003937	0.000126	0.004063	0.995937
TAAG	33710	0.000128	0.073853	0.007380	0.081362	0.918638
GCTA	50825	0.001316	0.000092	0.005206	0.006613	0.993387
GGAT	34792	0.045455	0.045528	0.001030	0.092013	0.907987
ACGA	126161	0.000081	0.000006	0.000012	0.000100	0.999900
TACA	108013	0.035714	0.005208	0.036044	0.076966	0.923034
ACTT	12219	0.000000	0.128906	0.000000	0.128906	0.871094
GCTC	82913	0.027996	0.002171	0.005100	0.035267	0.964733
ACGC	58987	0.000000	0.000099	0.006250	0.006349	0.993651
TACC	38809	0.089286	0.002818	0.082181	0.174284	0.825716
GGGA	27372	0.000489	0.072650	0.011651	0.084790	0.915210
TATG	83630	0.000000	0.000062	0.001953	0.002015	0.997985
GCAG	99792	0.000217	0.002513	0.000288	0.003018	0.996982
GGTT	11846	0.000000	0.000000	0.125000	0.125000	0.875000
GCCA	20238	0.062500	0.062500	0.000000	0.125000	0.875000
AGGT	15621	0.000000	0.000000	0.125000	0.125000	0.875000
GGGC	23356	0.000220	0.000910	0.006762	0.007892	0.992108
GTGT	198497	0.002357	0.088385	0.015871	0.106613	0.893387
ACCT	34849	0.000000	0.000000	0.501953	0.501953	0.498047
GCCC	13903	0.000002	0.316648	0.234865	0.551515	0.448485
GCTG	61678	0.000098	0.000000	0.000977	0.001074	0.998926
ACGG	26194	0.000000	0.000000	0.000488	0.000488	0.999512
TACG	87677	0.002604	0.000196	0.002604	0.005404	0.994596
GGCT	7236	0.000000	0.000488	0.004883	0.005371	0.994629
CAAA	37667	0.000000	0.000655	0.068363	0.069017	0.930983
GGGG	7197	0.000000	0.000733	0.000015	0.000748	0.999252
GCCG	25129	0.012500	0.064530	0.000488	0.077518	0.922482
CAAC	62490	0.010417	0.016692	0.000009	0.027118	0.972882
CATA	87649	0.000000	0.091146	0.001313	0.092459	0.907541
TAAT	5204	0.000000	0.500492	0.000000	0.500492	0.499508
CATC	133614	0.000000	0.000000	0.000000	0.000000	1.000000
CAAG	54310	0.000651	0.257813	0.093777	0.352241	0.647759
TAGA	123583	0.024273	0.002767	0.014135	0.041176	0.958824
TATT	8753	0.000000	0.000000	0.000004	0.000004	0.999996
GCAT	62974	0.000003	0.250122	0.007812	0.257937	0.742063
CACA	79966	0.004395	0.041669	0.020884	0.066948	0.933052
TAGC	64799	0.000000	0.005371	0.021496	0.026867	0.973133
CACC	13853	0.020833	0.000122	0.000000	0.020955	0.979045
TTAA	8142	0.007812	0.003906	0.000061	0.011780	0.988220
GCGA	77532	0.000000	0.015631	0.100000	0.115631	0.884369
CATG	114708	0.000000	0.023438	0.011409	0.034846	0.965154
GCTT	15490	0.000000	0.000000	0.000000	0.000000	1.000000
TTAC	13177	0.000000	0.015625	0.000000	0.015625	0.984375
TACT	52987	0.000244	0.018110	0.035732	0.054087	0.945913
ACGT	101751	0.000001	0.035854	0.109380	0.145235	0.854765
GCGC	71854	0.001953	0.095006	0.006422	0.103381	0.896619
TAGG	24290	0.000001	0.166993	0.002604	0.169598	0.830402
TTTA	17802	0.000000	0.003906	0.015686	0.019592	0.980408
GGGT	6938	0.000000	0.016113	0.250000	0.266113	0.733887
CACG	63370	0.010417	0.000105	0.003516	0.014038	0.985962
GCCT	28453	0.000868	0.009094	0.010361	0.020323	0.979677
TTTC	7147	0.000000	0.004166	0.008790	0.012956	0.987044
GCGG	10219	0.000000	0.000651	0.022135	0.022786	0.977214
TTAG	14340	0.000000	0.007813	0.000015	0.007828	0.992172
TTCA	34701	0.001151	0.001556	0.055097	0.057804	0.942196
TTTG	23247	0.000000	0.125000	0.000250	0.125250	0.874750
TTCC	12986	0.000000	0.000000	0.125000	0.125000	0.875000
CAAT	14800	0.000005	0.033203	0.015625	0.048833	0.951167
CAGA	151669	0.000195	0.000438	0.041668	0.042301	0.957699
CATT	34360	0.000000	0.015625	0.000000	0.015625	0.984375
TTCG	35489	0.035161	0.000004	0.006839	0.042003	0.957997
CAGC	73605	0.000000	0.003525	0.012526	0.016050	0.983950
CTAA	13331	0.000008	0.010417	0.000326	0.010750	0.989250
TAGT	146378	0.019301	0.001109	0.037354	0.057765	0.942235
TGAA	25487	0.000000	0.001953	0.000000	0.001953	0.998047
CTAC	65129	0.000000	0.208984	0.005208	0.214193	0.785807
CACT	98239	0.000279	0.044381	0.062932	0.107591	0.892409
CTTA	8818	0.000000	0.125000	0.062500	0.187500	0.812500
CAGG	54075	0.050806	0.011008	0.013889	0.075703	0.924297
TGAC	63785	0.000781	0.000000	0.125245	0.126026	0.873974
TTAT	8760	0.000000	0.000004	0.000244	0.000248	0.999752
GCGT	56737	0.000000	0.004465	0.073683	0.078147	0.921853
CTTC	20369	0.000000	0.000000	0.000015	0.000015	0.999985
TGTA	166338	0.005685	0.000102	0.000691	0.006478	0.993522
