TTGA 0.000000 0.051020 0.474490 0.525510 0.474490
CTAG 0.047270 0.015794 0.302509 0.365573 0.634427
TTTT 0.011606 0.080206 0.339999 0.431811 0.568189
CTCA 0.030157 0.123906 0.371257 0.525321 0.474679
TGTC 0.026810 0.044195 0.341192 0.412196 0.587804
TTGC 0.027302 0.052819 0.443433 0.523555 0.476445
TGAG 0.031624 0.056657 0.312239 0.400520 0.599480
CTCC 0.026984 0.066667 0.320106 0.413757 0.586243
CTTG 0.028708 0.070432 0.340074 0.439214 0.560786
TGCA 0.030505 0.055333 0.314951 0.400789 0.599211
TGCC 0.032993 0.052828 0.352697 0.438518 0.561482
TTCT 0.029883 0.023002 0.524887 0.577771 0.422229
TGTG 0.056628 0.089908 0.278653 0.425190 0.574810
TTGG 0.009479 0.028436 0.369668 0.407583 0.592417
CTCG 0.029634 0.037195 0.295380 0.362209 0.637791
TGCG 0.053671 0.032047 0.197862 0.283580 0.716420
CAGT 0.024844 0.040864 0.258159 0.323867 0.676133
TCAA 0.039874 0.122427 0.423269 0.585570 0.414430
CGAA 0.015008 0.032607 0.254624 0.302238 0.697762
AAAA 0.024951 0.097195 0.360078 0.482224 0.517776
CTAT 0.079215 0.057960 0.382733 0.519908 0.480092
TCAC 0.054880 0.085463 0.353248 0.493592 0.506408
CGAC 0.024768 0.044334 0.316803 0.385905 0.614095
AAAC 0.019582 0.062156 0.193045 0.274783 0.725217
CGTA 0.059234 0.066682 0.261045 0.386961 0.613039
TCTA 0.050492 0.043960 0.190470 0.284922 0.715078
AATA 0.043400 0.043365 0.271526 0.358290 0.641710
CTGA 0.035942 0.048732 0.455688 0.540363 0.459637
TGAT 0.033775 0.039359 0.282087 0.355221 0.644779
CTTT 0.017822 0.086676 0.447493 0.551991 0.448009
TCTC 0.010362 0.075788 0.334096 0.420246 0.579754
CGTC 0.019868 0.028750 0.299812 0.348431 0.651569
TGGA 0.018868 0.050880 0.394193 0.463941 0.536059
AATC 0.009554 0.035032 0.500708 0.545294 0.454706
CGAG 0.019870 0.033526 0.355480 0.408876 0.591124
TCAG 0.038467 0.017885 0.298229 0.354582 0.645418
CTGC 0.038741 0.074333 0.347116 0.460190 0.539810
AAAG 0.026316 0.065789 0.578947 0.671053 0.328947
TCCA 0.018248 0.135036 0.427007 0.580292 0.419708
TGTT 0.020378 0.042394 0.314229 0.377001 0.622999
CGCA 0.035061 0.064026 0.295331 0.394418 0.605582
AACA 0.109062 0.059215 0.307493 0.475770 0.524230
TGGC 0.020947 0.074681 0.513661 0.609290 0.390710
TTGT 0.063337 0.037759 0.319834 0.420930 0.579070
CGCC 0.055685 0.124124 0.348773 0.528583 0.471417
TCCC 0.006081 0.038964 0.311149 0.356194 0.643806
CTCT 0.014628 0.043431 0.429560 0.487619 0.512381
TCTG 0.029498 0.085796 0.262906 0.378200 0.621800
CGTG 0.058538 0.087972 0.299646 0.446156 0.553844
AACC 0.066817 0.044132 0.245921 0.356871 0.643129
AATG 0.028566 0.055030 0.341833 0.425429 0.574571
CTGG 0.052330 0.038430 0.399019 0.489779 0.510221
TGCT 0.025551 0.029879 0.278843 0.334273 0.665727
TGGG 0.033761 0.041026 0.255556 0.330342 0.669658
TCCG 0.026652 0.088992 0.314622 0.430267 0.569733
CGCG 0.054011 0.073054 0.277835 0.404900 0.595100
AACG 0.072000 0.030841 0.351200 0.454041 0.545959
CCAA 0.012573 0.301901 0.401564 0.716038 0.283962
CCAC 0.015320 0.045729 0.294336 0.355385 0.644615
GAAA 0.034615 0.197436 0.364744 0.596795 0.403205
CCTA 0.034313 0.037114 0.245399 0.316826 0.683174
TCAT 0.060170 0.031329 0.354340 0.445838 0.554162
CGAT 0.026050 0.025421 0.242052 0.293523 0.706477
GAAC 0.033544 0.037870 0.266319 0.337733 0.662267
AAAT 0.023715 0.114625 0.505929 0.644269 0.355731
CCTC 0.016311 0.065118 0.330452 0.411881 0.588119
CGGA 0.018613 0.064763 0.466328 0.549704 0.450296
CCAG 0.029806 0.007452 0.339046 0.376304 0.623696
GATA 0.062041 0.083610 0.304753 0.450404 0.549596
TCGA 0.028239 0.021655 0.481247 0.531141 0.468859
AAGA 0.028677 0.046677 0.333250 0.408604 0.591396
CCCA 0.036739 0.206659 0.278990 0.522388 0.477612
CGTT 0.017641 0.056345 0.449710 0.523697 0.476303
TCTT 0.014770 0.042914 0.323353 0.381038 0.618962
AATT 0.009772 0.131922 0.268730 0.410423 0.589577
TCGC 0.051766 0.098389 0.402221 0.552376 0.447624
GATC 0.014072 0.041757 0.532389 0.588218 0.411782
CTGT 0.053317 0.077427 0.426583 0.557327 0.442673
GAAG 0.036585 0.031165 0.448509 0.516260 0.483740
CCTG 0.023060 0.048202 0.340285 0.411547 0.588453
AAGC 0.048831 0.064649 0.312930 0.426410 0.573590
CCCC 0.011088 0.091647 0.210287 0.313022 0.686978
ATAA 0.024767 0.113407 0.391349 0.529523 0.470477
TGGT 0.025157 0.062893 0.308176 0.396226 0.603774
GACA 0.061348 0.093702 0.299334 0.454383 0.545617
TCCT 0.014432 0.054004 0.517924 0.586359 0.413641
CGCT 0.015765 0.041951 0.352766 0.410482 0.589518
AACT 0.014454 0.131850 0.395425 0.541730 0.458270
CGGG 0.018402 0.063363 0.432769 0.514534 0.485466
TCGG 0.037781 0.059486 0.158360 0.255627 0.744373
GACC 0.083927 0.057863 0.259317 0.401107 0.598893
GATG 0.044385 0.077237 0.341832 0.463453 0.536547
ATAC 0.036874 0.040879 0.260500 0.338253 0.661747
AAGG 0.028509 0.046693 0.277584 0.352786 0.647214
ATTA 0.044374 0.103011 0.385103 0.532488 0.467512
CCCG 0.034204 0.037313 0.157338 0.228856 0.771144
ATTC 0.019219 0.051968 0.593881 0.665068 0.334932
GACG 0.078642 0.055349 0.286187 0.420178 0.579822
ATAG 0.024367 0.014562 0.382350 0.421278 0.578722
ATCA 0.025676 0.101797 0.411765 0.539238 0.460762
ATCC 0.033333 0.068403 0.302951 0.404687 0.595313
CCAT 0.046847 0.047327 0.453546 0.547720 0.452280
CCGA 0.027116 0.022096 0.472090 0.521302 0.478698
GAAT 0.035039 0.094510 0.457922 0.587471 0.412529
CCTT 0.017489 0.069080 0.387198 0.473767 0.526233
CCGC 0.026295 0.148492 0.412606 0.587394 0.412606
ATCG 0.033851 0.031306 0.293189 0.358346 0.641654
GAGA 0.005998 0.050538 0.345325 0.401860 0.598140
GATT 0.019900 0.054726 0.247512 0.322139 0.677861
CGGT 0.020704 0.157350 0.434438 0.612491 0.387509
TCGT 0.045609 0.092009 0.302523 0.440141 0.559859
AAGT 0.025471 0.060770 0.262836 0.349077 0.650923
CCCT 0.010500 0.037980 0.500402 0.548883 0.451117
GAGC 0.049135 0.133798 0.432961 0.615894 0.384106
AGAA 0.015032 0.071590 0.352311 0.438933 0.561067
GTAA 0.040765 0.094156 0.470960 0.605880 0.394120
CCGG 0.016751 0.034234 0.168384 0.219369 0.780631
GACT 0.018039 0.032423 0.448725 0.499188 0.500812
AGAC 0.034847 0.049496 0.333254 0.417597 0.582403
GTAC 0.061074 0.042331 0.209848 0.313253 0.686747
ATAT 0.053585 0.081792 0.353449 0.488826 0.511174
GAGG 0.024590 0.016393 0.163934 0.204918 0.795082
GTTA 0.023256 0.093023 0.430233 0.546512 0.453488
AGTA 0.045421 0.044247 0.234817 0.324485 0.675515
ATGA 0.016036 0.053936 0.528607 0.598579 0.401421
ATTT 0.037924 0.066866 0.536926 0.641717 0.358283
GTTC 0.016206 0.021895 0.539743 0.577843 0.422157
AGTC 0.019822 0.022504 0.365765 0.408090 0.591910
AGAG 0.021910 0.042239 0.438140 0.502289 0.497711
ATGC 0.030948 0.050038 0.297529 0.378515 0.621485
GTAG 0.020957 0.021287 0.255681 0.297926 0.702074
AGCA 0.051499 0.047683 0.311169 0.410351 0.589649
GTCA 0.028953 0.139400 0.419066 0.587419 0.412581
GTTG 0.028571 0.017857 0.253571 0.300000 0.700000
AGCC 0.063467 0.089783 0.385449 0.538700 0.461300
GTCC 0.012471 0.021777 0.315217 0.349466 0.650534
AGTG 0.043172 0.060004 0.243986 0.347162 0.652838
ATCT 0.015761 0.026516 0.546201 0.588478 0.411522
ATGG 0.045936 0.089517 0.298587 0.434040 0.565960
CCGT 0.061887 0.071433 0.361037 0.494357 0.505643
AGCG 0.062720 0.061782 0.245654 0.370156 0.629844
GTCG 0.053978 0.038030 0.365763 0.457771 0.542229
ACAA 0.040263 0.070861 0.395957 0.507081 0.492919
GAGT 0.041198 0.043910 0.419228 0.504336 0.495664
GGAA 0.010288 0.055556 0.423868 0.489712 0.510288
ACAC 0.062112 0.083172 0.316498 0.461782 0.538218
ACTA 0.026486 0.050715 0.180258 0.257460 0.742540
GGAC 0.031713 0.046244 0.474795 0.552752 0.447248
AGAT 0.037531 0.070440 0.356636 0.464606 0.535394
GTAT 0.061620 0.105853 0.400794 0.568268 0.431732
GGTA 0.031189 0.040936 0.296296 0.368421 0.631579
ACTC 0.022897 0.071604 0.455025 0.549526 0.450474
AGGA 0.023110 0.027101 0.455466 0.505677 0.494323
GTGA 0.018277 0.049182 0.525656 0.593114 0.406886
ACAG 0.028377 0.014129 0.359600 0.402106 0.597894
GTTT 0.011476 0.068679 0.537606 0.617761 0.382239
ACCA 0.042447 0.058926 0.319725 0.421099 0.578901
GGTC 0.009016 0.009836 0.584153 0.603005 0.396995
AGTT 0.021652 0.048575 0.355983 0.426211 0.573789
AGGC 0.018596 0.108090 0.394691 0.521377 0.478623
GGAG 0.045879 0.251944 0.363142 0.660964 0.339036
ATGT 0.076304 0.059780 0.326451 0.462534 0.537466
GTGC 0.046012 0.090842 0.409311 0.546165 0.453835
GGCA 0.039496 0.062198 0.285226 0.386920 0.613080
ACTG 0.028347 0.040190 0.248531 0.317068 0.682932
ACCC 0.055990 0.066406 0.174479 0.296875 0.703125
GGTG 0.041408 0.032091 0.397516 0.471014 0.528986
GGCC 0.042694 0.098197 0.348846 0.489738 0.510262
AGCT 0.009762 0.044407 0.353243 0.407411 0.592589
GTCT 0.010766 0.019989 0.735997 0.766751 0.233249
AGGG 0.020013 0.085958 0.312992 0.418963 0.581037
GTGG 0.051017 0.031768 0.261033 0.343818 0.656182
ACCG 0.034093 0.023691 0.204231 0.262016 0.737984
TAAA 0.023753 0.066508 0.619952 0.710214 0.289786
GGCG 0.044005 0.025510 0.240009 0.309524 0.690476
TAAC 0.025443 0.054317 0.279302 0.359062 0.640938
GCAA 0.034210 0.077099 0.423442 0.534750 0.465250
TATA 0.100659 0.080383 0.364004 0.545046 0.454954
GCAC 0.056258 0.050279 0.338038 0.444574 0.555426
ACAT 0.063285 0.081765 0.375405 0.520455 0.479545
TATC 0.019485 0.037977 0.419251 0.476713 0.523287
TAAG 0.030777 0.067417 0.407389 0.505584 0.494416
GCTA 0.023361 0.050194 0.181200 0.254756 0.745244
GGAT 0.025180 0.039290 0.482288 0.546757 0.453243
TACA 0.092369 0.091422 0.348159 0.531950 0.468050
ACGA 0.030862 0.030867 0.572843 0.634572 0.365428
ACTT 0.008857 0.101181 0.535158 0.645196 0.354804
GCTC 0.026091 0.025509 0.582957 0.634557 0.365443
ACGC 0.042607 0.097047 0.440464 0.580119 0.419881
TACC 0.064499 0.045795 0.318189 0.428483 0.571517
GGGA 0.009667 0.067848 0.512370 0.589885 0.410115
GCAG 0.026218 0.021830 0.314528 0.362577 0.637423
TATG 0.129078 0.051007 0.287228 0.467313 0.532687
GGTT 0.019118 0.061765 0.368088 0.448971 0.551029
GCCA 0.053114 0.028022 0.293315 0.374451 0.625549
GGGC 0.016789 0.080535 0.357398 0.454722 0.545278
AGGT 0.017672 0.124740 0.259096 0.401507 0.598493
GTGT 0.074261 0.113221 0.352225 0.539707 0.460293
GCCC 0.027438 0.062848 0.220245 0.310530 0.689470
ACCT 0.020989 0.057208 0.471951 0.550147 0.449853
GCTG 0.040414 0.038355 0.282672 0.361442 0.638558
ACGG 0.056548 0.020346 0.136656 0.213550 0.786450
TACG 0.203105 0.034487 0.191490 0.429081 0.570919
GGCT 0.049180 0.062842 0.448087 0.560109 0.439891
CAAA 0.021026 0.102993 0.377038 0.501057 0.498943
GGGG 0.025237 0.072555 0.454259 0.552050 0.447950
GCCG 0.044896 0.024391 0.225222 0.294509 0.705491
CAAC 0.022265 0.064948 0.204752 0.291966 0.708034
CATA 0.103526 0.073016 0.328472 0.505015 0.494985
TAAT 0.034014 0.238095 0.408163 0.680272 0.319728
CATC 0.022148 0.054680 0.394382 0.471211 0.528789
CAAG 0.034523 0.036735 0.442681 0.513940 0.486060
TAGA 0.014278 0.038184 0.227328 0.279790 0.720210
TATT 0.029468 0.058935 0.452471 0.540875 0.459125
CACA 0.085998 0.118977 0.366648 0.571622 0.428378
GCAT 0.050026 0.071645 0.420415 0.542086 0.457914
TAGC 0.021998 0.152438 0.381821 0.556257 0.443743
CACC 0.051930 0.051387 0.298260 0.401577 0.598423
TTAA 0.042683 0.040650 0.439024 0.522358 0.477642
GCGA 0.022740 0.042422 0.491710 0.556872 0.443128
CATG 0.092825 0.053487 0.263645 0.409957 0.590043
GCTT 0.012719 0.118969 0.514035 0.645724 0.354276
TTAC 0.034772 0.097122 0.302758 0.434652 0.565348
GCGC 0.049048 0.110813 0.421015 0.580876 0.419124
TACT 0.021236 0.039456 0.339447 0.400138 0.599862
ACGT 0.053185 0.063376 0.277593 0.394154 0.605846
TAGG 0.063992 0.034116 0.224345 0.322453 0.677547
TTTA 0.045613 0.093547 0.379875 0.519034 0.480966
GGGT 0.029915 0.088675 0.451923 0.570513 0.429487
CACG 0.136653 0.061403 0.297239 0.495296 0.504704
TTTC 0.006702 0.093834 0.348525 0.449062 0.550938
GCCT 0.027484 0.066206 0.474682 0.568373 0.431627
GCGG 0.041401 0.007166 0.088907 0.137473 0.862527
TTAG 0.030083 0.017116 0.279046 0.326245 0.673755
TTCA 0.025923 0.050473 0.360659 0.437054 0.562946
TTCC 0.030199 0.016437 0.251529 0.298165 0.701835
TTTG 0.037822 0.068834 0.398572 0.505229 0.494771
CAAT 0.015385 0.121678 0.365268 0.502331 0.497669
CAGA 0.008871 0.022609 0.176838 0.208318 0.791682
TTCG 0.030283 0.021465 0.228791 0.280539 0.719461
CATT 0.034997 0.083391 0.371610 0.489998 0.510002
CAGC 0.022298 0.096762 0.364496 0.483556 0.516444
CTAA 0.050953 0.043393 0.369658 0.464004 0.535996
TAGT 0.019395 0.048176 0.270391 0.337962 0.662038
TGAA 0.023408 0.032615 0.257104 0.313126 0.686874
CTAC 0.044266 0.083938 0.222641 0.350845 0.649155
CACT 0.023900 0.039368 0.426606 0.489874 0.510126
CTTA 0.016502 0.059406 0.329208 0.405116 0.594884
CAGG 0.037637 0.036180 0.270270 0.344087 0.655913
TTAT 0.050518 0.041451 0.426166 0.518135 0.481865
TGAC 0.029087 0.035835 0.350466 0.415388 0.584612
GCGT 0.059098 0.058701 0.371183 0.488982 0.511018
CTTC 0.015553 0.075292 0.375398 0.466242 0.533758
TGTA 0.065827 0.069815 0.309340 0.444981 0.555019
AVG 0.035892 0.063586 0.354001 0.453479 0.546521
