TTGA 0.000000 0.000000 0.028571 0.028571 0.971429
CTAG 0.000000 0.000000 0.022646 0.022646 0.977354
TTTT 0.000000 0.000000 0.056497 0.056497 0.943503
CTCA 0.000000 0.000000 0.025548 0.025548 0.974452
TGTC 0.000000 0.000000 0.034735 0.034735 0.965264
TTGC 0.000000 0.000000 0.097826 0.097826 0.902174
TGAG 0.000000 0.000000 0.030203 0.030203 0.969797
CTCC 0.000000 0.000000 0.090278 0.090278 0.909722
CTTG 0.000000 0.000000 0.008591 0.008591 0.991409
TGCA 0.000000 0.000000 0.033721 0.033721 0.966279
TGCC 0.000000 0.000000 0.031662 0.031662 0.968338
TTCT 0.000000 0.000000 0.031915 0.031915 0.968085
TGTG 0.000000 0.000000 0.060339 0.060339 0.939661
TTGG 0.000000 0.000000 0.000000 0.000000 1.000000
CTCG 0.000000 0.000000 0.021473 0.021473 0.978527
TGCG 0.000000 0.000000 0.021154 0.021154 0.978846
CAGT 0.000000 0.000000 0.034180 0.034180 0.965820
TCAA 0.000000 0.000000 0.014035 0.014035 0.985965
CGAA 0.000000 0.000000 0.025830 0.025830 0.974170
AAAA 0.000000 0.000000 0.098361 0.098361 0.901639
TCAC 0.000000 0.000000 0.054920 0.054920 0.945080
CGAC 0.000000 0.000000 0.043888 0.043888 0.956112
CTAT 0.000000 0.000000 0.033203 0.033203 0.966797
AAAC 0.000000 0.000000 0.021253 0.021253 0.978747
CGTA 0.000000 0.000000 0.045332 0.045332 0.954668
TCTA 0.000000 0.000000 0.020734 0.020734 0.979266
AATA 0.000000 0.000000 0.052941 0.052941 0.947059
CTGA 0.000000 0.000000 0.033415 0.033415 0.966585
TGAT 0.000000 0.000000 0.026490 0.026490 0.973510
CTTT 0.000000 0.000000 0.072727 0.072727 0.927273
TCTC 0.000000 0.000000 0.019246 0.019246 0.980754
CGTC 0.000000 0.000000 0.033457 0.033457 0.966543
AATC 0.000000 0.000000 0.107143 0.107143 0.892857
TGGA 0.000000 0.000000 0.019231 0.019231 0.980769
TCAG 0.000000 0.000000 0.026856 0.026856 0.973144
CGAG 0.000000 0.000000 0.027311 0.027311 0.972689
CTGC 0.000000 0.000000 0.084668 0.084668 0.915332
AAAG 0.000000 0.000000 0.000000 0.000000 1.000000
TGTT 0.000000 0.000000 0.047059 0.047059 0.952941
TCCA 0.000000 0.000000 0.047619 0.047619 0.952381
CGCA 0.000000 0.000000 0.037451 0.037451 0.962549
AACA 0.000000 0.000000 0.034407 0.034407 0.965593
TTGT 0.000000 0.000000 0.039216 0.039216 0.960784
TGGC 0.000000 0.000000 0.140449 0.140449 0.859551
CGCC 0.000000 0.000000 0.043478 0.043478 0.956522
TCCC 0.000000 0.000000 0.171429 0.171429 0.828571
CTCT 0.000000 0.000000 0.035359 0.035359 0.964641
CGTG 0.000000 0.000000 0.080865 0.080865 0.919135
TCTG 0.000000 0.000000 0.043736 0.043736 0.956264
AACC 0.000000 0.000000 0.033951 0.033951 0.966049
AATG 0.000000 0.000000 0.031421 0.031421 0.968579
CTGG 0.000000 0.000000 0.031250 0.031250 0.968750
TGCT 0.000000 0.000000 0.039531 0.039531 0.960469
TGGG 0.000000 0.000000 0.007692 0.007692 0.992308
TCCG 0.000000 0.000000 0.024752 0.024752 0.975248
CGCG 0.000000 0.000000 0.023810 0.023810 0.976190
AACG 0.000000 0.000000 0.031590 0.031590 0.968410
CCAA 0.000000 0.000000 0.051948 0.051948 0.948052
CCAC 0.000000 0.000000 0.110169 0.110169 0.889831
GAAA 0.000000 0.000000 0.108108 0.108108 0.891892
CCTA 0.000000 0.000000 0.035411 0.035411 0.964589
CGAT 0.000000 0.000000 0.051724 0.051724 0.948276
TCAT 0.000000 0.000000 0.046112 0.046112 0.953888
GAAC 0.000000 0.000000 0.035163 0.035163 0.964837
AAAT 0.000000 0.000000 0.022222 0.022222 0.977778
CCTC 0.000000 0.000000 0.046921 0.046921 0.953079
CGGA 0.000000 0.000000 0.020290 0.020290 0.979710
CCAG 0.000000 0.000000 0.034884 0.034884 0.965116
TCGA 0.000000 0.000000 0.016832 0.016832 0.983168
GATA 0.000000 0.000000 0.038607 0.038607 0.961393
AAGA 0.000000 0.000000 0.041322 0.041322 0.958678
TCTT 0.000000 0.000000 0.013699 0.013699 0.986301
CCCA 0.000000 0.000000 0.020492 0.020492 0.979508
CGTT 0.000000 0.000000 0.031250 0.031250 0.968750
AATT 0.000000 0.000000 0.000000 0.000000 1.000000
GATC 0.000000 0.000000 0.035714 0.035714 0.964286
CTGT 0.000000 0.000000 0.049543 0.049543 0.950457
TCGC 0.000000 0.000000 0.049053 0.049053 0.950947
GAAG 0.000000 0.000000 0.023810 0.023810 0.976190
AAGC 0.000000 0.000000 0.052083 0.052083 0.947917
CCCC 0.000000 0.000000 0.141791 0.141791 0.858209
CCTG 0.000000 0.000000 0.061290 0.061290 0.938710
ATAA 0.000000 0.000000 0.008333 0.008333 0.991667
TGGT 0.000000 0.000000 0.034483 0.034483 0.965517
GACA 0.000000 0.000000 0.038313 0.038313 0.961687
TCCT 0.000000 0.000000 0.014440 0.014440 0.985560
CGCT 0.000000 0.000000 0.040675 0.040675 0.959325
AACT 0.000000 0.000000 0.030303 0.030303 0.969697
TCGG 0.000000 0.000000 0.011765 0.011765 0.988235
CGGG 0.000000 0.000000 0.048701 0.048701 0.951299
GACC 0.000000 0.000000 0.014113 0.014113 0.985887
ATAC 0.000000 0.000000 0.075738 0.075738 0.924262
GATG 0.000000 0.000000 0.056025 0.056025 0.943975
AAGG 0.000000 0.000000 0.024946 0.024946 0.975054
ATTA 0.000000 0.000000 0.032787 0.032787 0.967213
CCCG 0.000000 0.000000 0.024138 0.024138 0.975862
ATTC 0.000000 0.000000 0.043137 0.043137 0.956863
ATAG 0.000000 0.000000 0.029611 0.029611 0.970389
GACG 0.000000 0.000000 0.031987 0.031987 0.968013
ATCA 0.000000 0.000000 0.032439 0.032439 0.967561
ATCC 0.000000 0.000000 0.011628 0.011628 0.988372
CCAT 0.000000 0.000000 0.065543 0.065543 0.934457
CCGA 0.000000 0.000000 0.020105 0.020105 0.979895
GAAT 0.000000 0.000000 0.040872 0.040872 0.959128
CCTT 0.000000 0.000000 0.042553 0.042553 0.957447
CCGC 0.000000 0.000000 0.072727 0.072727 0.927273
ATCG 0.000000 0.000000 0.027612 0.027612 0.972388
GAGA 0.000000 0.000000 0.010504 0.010504 0.989496
GATT 0.000000 0.000000 0.000000 0.000000 1.000000
CGGT 0.000000 0.000000 0.126761 0.126761 0.873239
TCGT 0.000000 0.000000 0.049674 0.049674 0.950326
AAGT 0.000000 0.000000 0.051813 0.051813 0.948187
CCCT 0.000000 0.000000 0.015936 0.015936 0.984064
GAGC 0.000000 0.000000 0.036723 0.036723 0.963277
AGAA 0.000000 0.000000 0.030387 0.030387 0.969613
GTAA 0.000000 0.000000 0.064103 0.064103 0.935897
CCGG 0.000000 0.000000 0.023585 0.023585 0.976415
AGAC 0.000000 0.000000 0.055644 0.055644 0.944356
GACT 0.000000 0.000000 0.062334 0.062334 0.937666
GTAC 0.000000 0.000000 0.073973 0.073973 0.926027
ATAT 0.000000 0.000000 0.079655 0.079655 0.920345
GAGG 0.000000 0.000000 0.000000 0.000000 1.000000
GTTA 0.000000 0.000000 0.034483 0.034483 0.965517
AGTA 0.000000 0.000000 0.035044 0.035044 0.964956
ATGA 0.000000 0.000000 0.043011 0.043011 0.956989
GTTC 0.000000 0.000000 0.039755 0.039755 0.960245
ATTT 0.000000 0.000000 0.000000 0.000000 1.000000
AGTC 0.000000 0.000000 0.040323 0.040323 0.959677
AGAG 0.000000 0.000000 0.013043 0.013043 0.986957
ATGC 0.000000 0.000000 0.023077 0.023077 0.976923
GTAG 0.000000 0.000000 0.021593 0.021593 0.978407
AGCA 0.000000 0.000000 0.049931 0.049931 0.950069
GTCA 0.000000 0.000000 0.040230 0.040230 0.959770
GTTG 0.000000 0.000000 0.019231 0.019231 0.980769
GTCC 0.000000 0.000000 0.000000 0.000000 1.000000
AGCC 0.000000 0.000000 0.000000 0.000000 1.000000
AGTG 0.000000 0.000000 0.072152 0.072152 0.927848
ATCT 0.000000 0.000000 0.034753 0.034753 0.965247
ATGG 0.000000 0.000000 0.038462 0.038462 0.961538
CCGT 0.000000 0.000000 0.057416 0.057416 0.942584
GTCG 0.000000 0.000000 0.023281 0.023281 0.976719
AGCG 0.000000 0.000000 0.017090 0.017090 0.982910
ACAA 0.000000 0.000000 0.040984 0.040984 0.959016
GAGT 0.000000 0.000000 0.020892 0.020892 0.979108
GGAA 0.000000 0.000000 0.000000 0.000000 1.000000
ACAC 0.000000 0.000000 0.042062 0.042062 0.957938
ACTA 0.000000 0.000000 0.020689 0.020689 0.979311
GGAC 0.000000 0.000000 0.108833 0.108833 0.891167
AGAT 0.000000 0.000000 0.039430 0.039430 0.960570
GTAT 0.000000 0.000000 0.074244 0.074244 0.925756
GGTA 0.000000 0.000000 0.000000 0.000000 1.000000
ACTC 0.000000 0.000000 0.028772 0.028772 0.971228
AGGA 0.000000 0.000000 0.014644 0.014644 0.985356
ACAG 0.000000 0.000000 0.032639 0.032639 0.967361
GTGA 0.000000 0.000000 0.019983 0.019983 0.980017
AGTT 0.000000 0.000000 0.020661 0.020661 0.979339
GTTT 0.000000 0.000000 0.045455 0.045455 0.954545
ACCA 0.000000 0.000000 0.050445 0.050445 0.949555
GGTC 0.000000 0.000000 0.000000 0.000000 1.000000
AGGC 0.000000 0.000000 0.050926 0.050926 0.949074
GGAG 0.000000 0.000000 0.018868 0.018868 0.981132
GTGC 0.000000 0.000000 0.044321 0.044321 0.955679
ATGT 0.000000 0.000000 0.060629 0.060629 0.939371
GGCA 0.000000 0.000000 0.040146 0.040146 0.959854
ACTG 0.000000 0.000000 0.056916 0.056916 0.943084
ACCC 0.000000 0.000000 0.000000 0.000000 1.000000
AGCT 0.000000 0.000000 0.044944 0.044944 0.955056
GGTG 0.000000 0.000000 0.045455 0.045455 0.954545
GGCC 0.000000 0.000000 0.031746 0.031746 0.968254
GTCT 0.000000 0.000000 0.058039 0.058039 0.941961
GTGG 0.000000 0.000000 0.019737 0.019737 0.980263
AGGG 0.000000 0.000000 0.056931 0.056931 0.943069
ACCG 0.000000 0.000000 0.037325 0.037325 0.962675
TAAA 0.000000 0.000000 0.108108 0.108108 0.891892
GGCG 0.000000 0.000000 0.009302 0.009302 0.990698
TAAC 0.000000 0.000000 0.053435 0.053435 0.946565
GCAA 0.000000 0.000000 0.033854 0.033854 0.966146
TATA 0.000000 0.000000 0.042582 0.042582 0.957418
GCAC 0.000000 0.000000 0.046443 0.046443 0.953557
ACAT 0.000000 0.000000 0.042351 0.042351 0.957649
TATC 0.000000 0.000000 0.021315 0.021315 0.978685
TAAG 0.000000 0.000000 0.021617 0.021617 0.978383
GCTA 0.000000 0.000000 0.064887 0.064887 0.935113
GGAT 0.000000 0.000000 0.006579 0.006579 0.993421
TACA 0.000000 0.000000 0.052751 0.052751 0.947249
ACGA 0.000000 0.000000 0.032316 0.032316 0.967684
ACTT 0.000000 0.000000 0.033708 0.033708 0.966292
GCTC 0.000000 0.000000 0.025641 0.025641 0.974359
ACGC 0.000000 0.000000 0.033058 0.033058 0.966942
GGGA 0.000000 0.000000 0.024316 0.024316 0.975684
TACC 0.000000 0.000000 0.038168 0.038168 0.961832
GCAG 0.000000 0.000000 0.044987 0.044987 0.955013
TATG 0.000000 0.000000 0.052291 0.052291 0.947709
GGTT 0.000000 0.000000 0.000000 0.000000 1.000000
GCCA 0.000000 0.000000 0.053892 0.053892 0.946108
AGGT 0.000000 0.000000 0.020408 0.020408 0.979592
GGGC 0.000000 0.000000 0.026667 0.026667 0.973333
GTGT 0.000000 0.000000 0.056514 0.056514 0.943486
GCCC 0.000000 0.000000 0.027638 0.027638 0.972362
ACCT 0.000000 0.000000 0.052632 0.052632 0.947368
GCTG 0.000000 0.000000 0.027379 0.027379 0.972621
ACGG 0.000000 0.000000 0.028689 0.028689 0.971311
TACG 0.000000 0.000000 0.019620 0.019620 0.980380
GGCT 0.000000 0.000000 0.029412 0.029412 0.970588
CAAA 0.000000 0.000000 0.074074 0.074074 0.925926
GGGG 0.000000 0.000000 0.034483 0.034483 0.965517
GCCG 0.000000 0.000000 0.023529 0.023529 0.976471
CAAC 0.000000 0.000000 0.050111 0.050111 0.949889
CATA 0.000000 0.000000 0.047913 0.047913 0.952087
TAAT 0.000000 0.000000 0.088889 0.088889 0.911111
CATC 0.000000 0.000000 0.041761 0.041761 0.958239
CAAG 0.000000 0.000000 0.015050 0.015050 0.984950
TAGA 0.000000 0.000000 0.018462 0.018462 0.981538
TATT 0.000000 0.000000 0.065217 0.065217 0.934783
CACA 0.000000 0.000000 0.032258 0.032258 0.967742
GCAT 0.000000 0.000000 0.053269 0.053269 0.946731
TAGC 0.000000 0.000000 0.089974 0.089974 0.910026
TTAA 0.000000 0.000000 0.075000 0.075000 0.925000
CACC 0.000000 0.000000 0.054054 0.054054 0.945946
CATG 0.000000 0.000000 0.029580 0.029580 0.970420
GCGA 0.000000 0.000000 0.023529 0.023529 0.976471
GCTT 0.000000 0.000000 0.032787 0.032787 0.967213
TTAC 0.000000 0.000000 0.046875 0.046875 0.953125
GCGC 0.000000 0.000000 0.055659 0.055659 0.944341
TACT 0.000000 0.000000 0.037281 0.037281 0.962719
ACGT 0.000000 0.000000 0.042121 0.042121 0.957879
TTTA 0.000000 0.000000 0.008929 0.008929 0.991071
TAGG 0.000000 0.000000 0.014134 0.014134 0.985866
GGGT 0.000000 0.000000 0.000000 0.000000 1.000000
CACG 0.000000 0.000000 0.016451 0.016451 0.983549
TTTC 0.000000 0.000000 0.016064 0.016064 0.983936
GCCT 0.000000 0.000000 0.044280 0.044280 0.955720
GCGG 0.000000 0.000000 0.018018 0.018018 0.981982
TTAG 0.000000 0.000000 0.081967 0.081967 0.918033
TTCA 0.000000 0.000000 0.031588 0.031588 0.968412
TTCC 0.000000 0.000000 0.010000 0.010000 0.990000
TTTG 0.000000 0.000000 0.026693 0.026693 0.973307
CAAT 0.000000 0.000000 0.025862 0.025862 0.974138
CAGA 0.000000 0.000000 0.021756 0.021756 0.978244
CATT 0.000000 0.000000 0.046392 0.046392 0.953608
TTCG 0.000000 0.000000 0.022029 0.022029 0.977971
CAGC 0.000000 0.000000 0.032653 0.032653 0.967347
CTAA 0.000000 0.000000 0.023256 0.023256 0.976744
TAGT 0.000000 0.000000 0.035568 0.035568 0.964432
TGAA 0.000000 0.000000 0.041985 0.041985 0.958015
CTAC 0.000000 0.000000 0.091549 0.091549 0.908451
CACT 0.000000 0.000000 0.058182 0.058182 0.941818
CAGG 0.000000 0.000000 0.014438 0.014438 0.985562
CTTA 0.000000 0.000000 0.018018 0.018018 0.981982
TGAC 0.000000 0.000000 0.028725 0.028725 0.971275
TTAT 0.000000 0.000000 0.037736 0.037736 0.962264
GCGT 0.000000 0.000000 0.050069 0.050069 0.949931
CTTC 0.000000 0.000000 0.032787 0.032787 0.967213
TGTA 0.000000 0.000000 0.033333 0.033333 0.966667
AVG 0.000000 0.000000 0.038982 0.038982 0.961018
