AA 0.000000 0.000000 0.037511 0.037511 0.962489
CA 0.000000 0.000000 0.037569 0.037569 0.962431
AC 0.000000 0.000000 0.049647 0.049647 0.950353
CC 0.000000 0.000000 0.013226 0.013226 0.986774
AG 0.000000 0.000000 0.027807 0.027807 0.972193
TA 0.000000 0.000000 0.032966 0.032966 0.967034
AT 0.000000 0.000000 0.050849 0.050849 0.949151
GA 0.000000 0.000000 0.025801 0.025801 0.974199
TC 0.000000 0.000000 0.029732 0.029732 0.970268
GC 0.000000 0.000000 0.050612 0.050612 0.949388
CT 0.000000 0.000000 0.045714 0.045714 0.954286
CG 0.000000 0.000000 0.022931 0.022931 0.977069
GG 0.000000 0.000000 0.022737 0.022737 0.977263
TT 0.000000 0.000000 0.032816 0.032816 0.967184
TG 0.000000 0.000000 0.050090 0.050090 0.949910
GT 0.000000 0.000000 0.045112 0.045112 0.954888
AVG 0.000000 0.000000 0.035945 0.035945 0.964055
