AA 0.004261 0.023720 0.044067 0.072047 0.927953
CA 0.012352 0.014398 0.051829 0.078579 0.921421
AC 0.008501 0.009266 0.035255 0.053022 0.946978
CC 0.007159 0.051856 0.066329 0.125344 0.874656
TA 0.011498 0.013102 0.053612 0.078212 0.921788
AT 0.005974 0.007377 0.032126 0.045476 0.954524
AG 0.009932 0.014105 0.033174 0.057211 0.942789
GA 0.011606 0.010834 0.028765 0.051205 0.948795
TC 0.007485 0.012955 0.029625 0.050065 0.949935
CT 0.009325 0.023086 0.048255 0.080666 0.919334
CG 0.013683 0.009837 0.039301 0.062821 0.937179
GC 0.006638 0.013030 0.035190 0.054859 0.945141
GG 0.009660 0.039871 0.041721 0.091252 0.908748
TT 0.004167 0.021861 0.037227 0.063254 0.936746
TG 0.009874 0.014478 0.035391 0.059743 0.940257
GT 0.009214 0.012689 0.043768 0.065671 0.934329
AVG 0.008833 0.018279 0.040977 0.068089 0.931911
