AA	447085	0.000001	0.055129	0.017863	0.072993	0.927007
CA	1230030	0.015969	0.005544	0.023755	0.045267	0.954733
AC	1179040	0.008482	0.012261	0.032903	0.053646	0.946354
CC	371560	0.000000	0.046876	0.063067	0.109943	0.890057
TA	1056162	0.009156	0.029068	0.018944	0.057169	0.942831
AG	1123363	0.009185	0.011693	0.009951	0.030828	0.969172
AT	1138776	0.003331	0.011599	0.020440	0.035370	0.964630
GA	1165971	0.012258	0.002409	0.017199	0.031866	0.968134
TC	1308897	0.014720	0.027677	0.034229	0.076625	0.923375
CT	976114	0.001151	0.040080	0.055275	0.096505	0.903495
CG	1071646	0.015282	0.028509	0.022440	0.066230	0.933770
GC	785688	0.006048	0.049739	0.016520	0.072306	0.927694
TT	274551	0.000000	0.048177	0.041667	0.089844	0.910156
GG	302578	0.000000	0.026042	0.000011	0.026054	0.973946
GT	1319959	0.012889	0.026946	0.049989	0.089824	0.910176
TG	1083022	0.015348	0.035526	0.013910	0.064784	0.935216
