AA 0.030009 0.118283 0.345138 0.493431 0.506569
CA 0.053542 0.111964 0.326312 0.491818 0.508182
AC 0.045126 0.062917 0.292936 0.400979 0.599021
CC 0.050237 0.097867 0.235781 0.383885 0.616115
AG 0.038135 0.038701 0.323422 0.400259 0.599741
GA 0.021776 0.046925 0.386485 0.455185 0.544815
AT 0.056580 0.081028 0.364157 0.501766 0.498234
TA 0.062512 0.088382 0.274529 0.425423 0.574577
GC 0.036683 0.117360 0.403521 0.557563 0.442437
CT 0.019523 0.044052 0.477504 0.541079 0.458921
TC 0.019787 0.053856 0.410722 0.484365 0.515635
CG 0.069139 0.048884 0.261827 0.379850 0.620150
GG 0.042994 0.041595 0.208031 0.292620 0.707380
TT 0.025769 0.092027 0.303989 0.421784 0.578216
GT 0.047764 0.089442 0.334973 0.472179 0.527821
TG 0.058747 0.079222 0.304257 0.442227 0.557773
AVG 0.042395 0.075782 0.328349 0.446526 0.553474
