AAA 0.024196 0.122069 0.382013 0.528278 0.471722
AAC 0.023488 0.060919 0.202008 0.286414 0.713586
ATA 0.090054 0.083841 0.315518 0.489414 0.510586
ATC 0.019790 0.049468 0.439286 0.508544 0.491456
AAG 0.033079 0.048763 0.433487 0.515329 0.484671
ACA 0.084102 0.103855 0.328123 0.516080 0.483920
ACC 0.078970 0.057444 0.260121 0.396535 0.603465
ATG 0.094505 0.060982 0.289355 0.444842 0.555158
ACG 0.134111 0.049749 0.260671 0.444531 0.555469
AAT 0.029295 0.145198 0.415156 0.589650 0.410350
AGA 0.011767 0.035635 0.216861 0.264263 0.735737
ATT 0.031962 0.087825 0.340311 0.460098 0.539902
AGC 0.034028 0.137855 0.403772 0.575655 0.424345
TAA 0.038286 0.087074 0.395686 0.521046 0.478954
ACT 0.020497 0.043401 0.412253 0.476151 0.523849
TAC 0.048070 0.055730 0.238023 0.341823 0.658177
AGG 0.041173 0.039421 0.250070 0.330663 0.669337
TTA 0.041965 0.103933 0.339905 0.485802 0.514198
TTC 0.015203 0.055756 0.494063 0.565022 0.434978
TAG 0.033184 0.037936 0.289765 0.360884 0.639116
TCA 0.029936 0.129343 0.381046 0.540325 0.459675
TTG 0.037391 0.076788 0.389144 0.503323 0.496677
TCC 0.026529 0.037052 0.271161 0.334742 0.665258
TCG 0.036278 0.035586 0.296005 0.367870 0.632130
AGT 0.026777 0.049665 0.301956 0.378398 0.621602
GAA 0.015912 0.044834 0.276888 0.337634 0.662366
TAT 0.067130 0.092827 0.371403 0.531360 0.468640
GAC 0.031067 0.048347 0.339986 0.419401 0.580599
GTA 0.065054 0.064691 0.278630 0.408375 0.591625
TGA 0.020937 0.054340 0.510666 0.585943 0.414057
TTT 0.020608 0.101110 0.359972 0.481690 0.518310
GTC 0.022527 0.030993 0.355805 0.409326 0.590674
TGC 0.037626 0.073632 0.367575 0.478833 0.521167
GAG 0.026631 0.065742 0.352313 0.444686 0.555314
GCA 0.039855 0.061063 0.298993 0.399911 0.600089
GCC 0.050170 0.099208 0.342165 0.491543 0.508457
TCT 0.015578 0.029521 0.611801 0.656900 0.343100
GTG 0.055693 0.080272 0.284609 0.420574 0.579426
TGG 0.051992 0.041297 0.322319 0.415608 0.584392
GCG 0.056233 0.053921 0.231665 0.341819 0.658181
CAA 0.034739 0.145792 0.406525 0.587056 0.412944
CAC 0.055095 0.077961 0.336605 0.469662 0.530338
CTA 0.039078 0.052710 0.190855 0.282643 0.717357
GAT 0.031964 0.050743 0.327088 0.409794 0.590206
CTC 0.018007 0.064070 0.422500 0.504577 0.495423
GGA 0.017547 0.059498 0.469032 0.546077 0.453923
CAG 0.036447 0.017415 0.326562 0.380423 0.619577
CCA 0.034375 0.117928 0.308881 0.461184 0.538816
GTT 0.022937 0.054316 0.313812 0.391065 0.608935
GGC 0.018825 0.100680 0.405666 0.525170 0.474830
TGT 0.069666 0.092845 0.362754 0.525264 0.474736
CCC 0.019047 0.079476 0.201957 0.300481 0.699519
CTG 0.032265 0.068526 0.283140 0.383931 0.616069
GCT 0.019904 0.041170 0.323145 0.384218 0.615782
GGG 0.025221 0.071561 0.308953 0.405735 0.594265
CCG 0.036867 0.037416 0.214655 0.288938 0.711062
CAT 0.061260 0.058033 0.373529 0.492822 0.507178
CGA 0.030764 0.031801 0.512374 0.574938 0.425062
CTT 0.015651 0.091202 0.382576 0.489429 0.510571
CGC 0.045691 0.110502 0.413714 0.569906 0.430094
GGT 0.022640 0.124068 0.328123 0.474832 0.525168
CCT 0.020426 0.060910 0.478130 0.559466 0.440534
CGG 0.041257 0.024721 0.131251 0.197229 0.802771
CGT 0.051578 0.083972 0.311778 0.447328 0.552672
AVG 0.038483 0.069600 0.340377 0.448460 0.551540
