AAA 0.000000 0.000000 0.085232 0.085232 0.914768
AAC 0.000000 0.000000 0.032628 0.032628 0.967372
ATA 0.000000 0.000000 0.042211 0.042211 0.957789
ATC 0.000000 0.000000 0.032631 0.032631 0.967369
AAG 0.000000 0.000000 0.015990 0.015990 0.984010
ACA 0.000000 0.000000 0.040857 0.040857 0.959143
ACC 0.000000 0.000000 0.029130 0.029130 0.970870
ATG 0.000000 0.000000 0.042071 0.042071 0.957929
ACG 0.000000 0.000000 0.024433 0.024433 0.975567
AAT 0.000000 0.000000 0.040925 0.040925 0.959075
AGA 0.000000 0.000000 0.020242 0.020242 0.979758
ATT 0.000000 0.000000 0.041237 0.041237 0.958763
AGC 0.000000 0.000000 0.048548 0.048548 0.951452
TAA 0.000000 0.000000 0.028103 0.028103 0.971897
ACT 0.000000 0.000000 0.054577 0.054577 0.945423
TAC 0.000000 0.000000 0.079220 0.079220 0.920780
TTA 0.000000 0.000000 0.015065 0.015065 0.984935
AGG 0.000000 0.000000 0.017673 0.017673 0.982327
TTC 0.000000 0.000000 0.034323 0.034323 0.965677
TAG 0.000000 0.000000 0.027358 0.027358 0.972642
TCA 0.000000 0.000000 0.032444 0.032444 0.967556
TCC 0.000000 0.000000 0.020591 0.020591 0.979409
TTG 0.000000 0.000000 0.022179 0.022179 0.977821
TCG 0.000000 0.000000 0.023050 0.023050 0.976950
AGT 0.000000 0.000000 0.030535 0.030535 0.969465
GAA 0.000000 0.000000 0.028056 0.028056 0.971944
TAT 0.000000 0.000000 0.067454 0.067454 0.932546
GAC 0.000000 0.000000 0.052801 0.052801 0.947199
GTA 0.000000 0.000000 0.038266 0.038266 0.961734
TGA 0.000000 0.000000 0.032010 0.032010 0.967990
TTT 0.000000 0.000000 0.046798 0.046798 0.953202
GTC 0.000000 0.000000 0.035005 0.035005 0.964995
TGC 0.000000 0.000000 0.052263 0.052263 0.947737
GAG 0.000000 0.000000 0.025545 0.025545 0.974455
GCA 0.000000 0.000000 0.040148 0.040148 0.959852
GCC 0.000000 0.000000 0.028161 0.028161 0.971839
TCT 0.000000 0.000000 0.045199 0.045199 0.954801
GTG 0.000000 0.000000 0.068505 0.068505 0.931495
TGG 0.000000 0.000000 0.026506 0.026506 0.973494
GCG 0.000000 0.000000 0.019370 0.019370 0.980630
CAA 0.000000 0.000000 0.032338 0.032338 0.967662
CAC 0.000000 0.000000 0.049059 0.049059 0.950941
CTA 0.000000 0.000000 0.030769 0.030769 0.969231
GAT 0.000000 0.000000 0.035404 0.035404 0.964596
CTC 0.000000 0.000000 0.027059 0.027059 0.972941
GGA 0.000000 0.000000 0.018208 0.018208 0.981792
CAG 0.000000 0.000000 0.033880 0.033880 0.966120
CCA 0.000000 0.000000 0.037528 0.037528 0.962472
GTT 0.000000 0.000000 0.026969 0.026969 0.973031
GGC 0.000000 0.000000 0.053819 0.053819 0.946181
TGT 0.000000 0.000000 0.054285 0.054285 0.945715
CCC 0.000000 0.000000 0.056064 0.056064 0.943936
CTG 0.000000 0.000000 0.044886 0.044886 0.955114
GCT 0.000000 0.000000 0.041283 0.041283 0.958717
GGG 0.000000 0.000000 0.041922 0.041922 0.958078
CCG 0.000000 0.000000 0.029895 0.029895 0.970105
CAT 0.000000 0.000000 0.048787 0.048787 0.951213
CGA 0.000000 0.000000 0.024061 0.024061 0.975939
CTT 0.000000 0.000000 0.030405 0.030405 0.969595
CGC 0.000000 0.000000 0.047862 0.047862 0.952138
GGT 0.000000 0.000000 0.038576 0.038576 0.961424
CCT 0.000000 0.000000 0.034358 0.034358 0.965642
CGG 0.000000 0.000000 0.022285 0.022285 0.977715
CGT 0.000000 0.000000 0.048107 0.048107 0.951893
AVG 0.000000 0.000000 0.037424 0.037424 0.962576
