AAA 0.002385 0.042744 0.046024 0.091153 0.908847
AAC 0.012125 0.006574 0.036119 0.054818 0.945182
ATA 0.007509 0.010831 0.051556 0.069896 0.930104
ATC 0.003929 0.007592 0.023511 0.035033 0.964967
AAG 0.014850 0.008575 0.035932 0.059357 0.940643
ACA 0.009284 0.012131 0.049223 0.070638 0.929362
ACC 0.010378 0.017095 0.052302 0.079774 0.920226
ATG 0.006234 0.008639 0.032751 0.047624 0.952376
ACG 0.010564 0.008203 0.036825 0.055592 0.944408
AAT 0.009346 0.005793 0.048770 0.063910 0.936090
AGA 0.012013 0.009818 0.028870 0.050701 0.949299
ATT 0.004149 0.010283 0.033172 0.047604 0.952396
AGC 0.007314 0.012990 0.035822 0.056125 0.943875
TAA 0.004940 0.013216 0.039384 0.057540 0.942460
ACT 0.007323 0.020817 0.050463 0.078603 0.921397
TAC 0.005398 0.006967 0.035715 0.048081 0.951919
TTA 0.015186 0.008702 0.058085 0.081973 0.918027
AGG 0.011906 0.033579 0.044844 0.090329 0.909671
TTC 0.013936 0.015416 0.044963 0.074316 0.925684
TAG 0.009702 0.010964 0.034688 0.055354 0.944646
TCA 0.016243 0.017352 0.058133 0.091728 0.908272
TTG 0.022028 0.006947 0.041339 0.070313 0.929687
TCC 0.005803 0.037744 0.051151 0.094699 0.905301
TCG 0.016348 0.008756 0.041354 0.066457 0.933543
AGT 0.010277 0.011703 0.041695 0.063674 0.936326
GAA 0.005239 0.012240 0.020681 0.038160 0.961840
TAT 0.005975 0.010426 0.032330 0.048732 0.951268
GAC 0.008087 0.005392 0.034951 0.048430 0.951570
GTA 0.009599 0.009737 0.046483 0.065819 0.934181
TGA 0.013344 0.011034 0.027790 0.052168 0.947832
TTT 0.004422 0.048210 0.041243 0.093874 0.906126
GTC 0.005138 0.008190 0.031806 0.045135 0.954865
TGC 0.005574 0.010949 0.037041 0.053564 0.946436
GAG 0.011264 0.022730 0.034012 0.068006 0.931994
GCA 0.009522 0.011489 0.047693 0.068704 0.931296
GCC 0.009603 0.019182 0.053234 0.082019 0.917981
TCT 0.009912 0.027600 0.043263 0.080775 0.919225
GTG 0.009236 0.025157 0.038562 0.072955 0.927045
TGG 0.005539 0.037374 0.041518 0.084430 0.915570
GCG 0.012677 0.014782 0.035442 0.062901 0.937099
CAA 0.004472 0.013370 0.044979 0.062821 0.937179
CAC 0.009192 0.017452 0.034081 0.060726 0.939274
CTA 0.018455 0.009391 0.061708 0.089554 0.910446
GAT 0.005583 0.005665 0.030103 0.041351 0.958649
CTC 0.011752 0.023646 0.030283 0.065680 0.934320
GGA 0.016303 0.018156 0.039262 0.073722 0.926278
CAG 0.008251 0.011035 0.031593 0.050879 0.949121
CCA 0.007598 0.012930 0.039202 0.059730 0.940270
GTT 0.003406 0.007480 0.032188 0.043074 0.956926
GGC 0.009897 0.004994 0.037877 0.052768 0.947232
TGT 0.008265 0.016792 0.048131 0.073187 0.926813
CCC 0.007104 0.119097 0.064887 0.191089 0.808911
CTG 0.011152 0.004454 0.033277 0.048883 0.951117
GCT 0.008516 0.014282 0.050918 0.073716 0.926284
GGG 0.008118 0.081989 0.051292 0.141400 0.858600
CCG 0.017183 0.009324 0.059944 0.086452 0.913548
CAT 0.005849 0.007119 0.032337 0.045305 0.954695
CGA 0.010056 0.008602 0.029158 0.047816 0.952184
CTT 0.005077 0.024015 0.039666 0.068758 0.931242
CGC 0.005764 0.017725 0.030762 0.054251 0.945749
GGT 0.008730 0.006339 0.043206 0.058275 0.941725
CCT 0.012513 0.018537 0.060128 0.091177 0.908823
CGG 0.008005 0.033918 0.050881 0.092804 0.907196
CGT 0.009385 0.010519 0.043932 0.063836 0.936164
AVG 0.009296 0.017574 0.041227 0.068097 0.931903
