AAA	80011	0.000000	0.026042	0.000000	0.026042	0.973958
AAC	199611	0.008789	0.020108	0.071435	0.100332	0.899668
ATA	380446	0.001894	0.036732	0.008464	0.047090	0.952910
ATC	366974	0.022728	0.038861	0.042637	0.104225	0.895775
AAG	105771	0.050391	0.149415	0.046896	0.246701	0.753299
ACA	442863	0.011976	0.008404	0.031038	0.051418	0.948582
ACC	129701	0.167358	0.001953	0.125000	0.294312	0.705688
ATG	333711	0.000000	0.006409	0.003556	0.009965	0.990035
ACG	314627	0.032118	0.000089	0.001851	0.034058	0.965942
AAT	64561	0.001116	0.041086	0.020513	0.062715	0.937285
AGA	360228	0.017070	0.002007	0.020180	0.039256	0.960744
ATT	57898	0.000000	0.015625	0.000000	0.015625	0.984375
AGC	239323	0.000000	0.008605	0.048299	0.056904	0.943096
TAA	65565	0.007812	0.003906	0.000061	0.011780	0.988220
ACT	283736	0.000209	0.056780	0.054045	0.111034	0.888966
TAC	285384	0.026321	0.035105	0.034319	0.095744	0.904256
TTA	44862	0.000000	0.072917	0.020843	0.093760	0.906240
AGG	115059	0.000000	0.026042	0.000011	0.026054	0.973946
TTC	101199	0.000000	0.000899	0.023808	0.024707	0.975293
TAG	359343	0.011866	0.008192	0.008540	0.028598	0.971402
TCA	437639	0.022478	0.001858	0.025155	0.049491	0.950509
TTG	42452	0.000000	0.125000	0.000250	0.125250	0.874750
TCC	63093	0.000000	0.066469	0.000000	0.066469	0.933531
TCG	437729	0.014858	0.004283	0.015494	0.034635	0.965365
AGT	408752	0.030207	0.003209	0.025235	0.058650	0.941350
GAA	133002	0.000003	0.020996	0.031250	0.052250	0.947750
TAT	341257	0.000029	0.004093	0.026175	0.030297	0.969703
GAC	438662	0.000267	0.000000	0.049370	0.049637	0.950363
GTA	380215	0.002406	0.021306	0.021062	0.044774	0.955226
TGA	282011	0.014407	0.000183	0.005506	0.020096	0.979904
TTT	88196	0.000000	0.003906	0.000000	0.003907	0.996093
GTC	432826	0.000389	0.015446	0.033637	0.049472	0.950528
TGC	253701	0.007937	0.050122	0.007498	0.065557	0.934443
GAG	227537	0.000489	0.002117	0.000434	0.003040	0.996960
GCA	263937	0.000004	0.003834	0.005432	0.009270	0.990730
GCC	87621	0.000000	0.078125	0.125977	0.204102	0.795898
TCT	378756	0.001492	0.031448	0.062769	0.095709	0.904291
GTG	438150	0.020247	0.066748	0.019528	0.106523	0.893477
TGG	59768	0.000488	0.125000	0.250732	0.376221	0.623779
GCG	217203	0.000026	0.098378	0.054318	0.152723	0.847277
CAA	168507	0.000000	0.087099	0.017869	0.104968	0.895032
CAC	255383	0.000022	0.000767	0.002181	0.002970	0.997030
CTA	241343	0.028773	0.019283	0.033756	0.081813	0.918187
GAT	362810	0.005950	0.004893	0.006287	0.017131	0.982869
CTC	407898	0.023880	0.033828	0.030680	0.088386	0.911614
GGA	122473	0.000244	0.000000	0.062500	0.062745	0.937255
CAG	430666	0.000464	0.000765	0.012572	0.013801	0.986199
CCA	85491	0.041667	0.039064	0.031328	0.112059	0.887941
GTT	66832	0.000000	0.000000	0.125000	0.125000	0.875000
GGC	77490	0.062500	0.015626	0.000977	0.079103	0.920897
TGT	486561	0.009173	0.040135	0.026442	0.075750	0.924250
CCC	81008	0.000000	0.066407	0.000000	0.066407	0.933593
CTG	268709	0.018590	0.001959	0.012305	0.032854	0.967146
GCT	209961	0.001616	0.035377	0.041666	0.078659	0.921341
GGG	64630	0.001739	0.074571	0.041294	0.117603	0.882397
CCG	102087	0.003159	0.041044	0.043930	0.088132	0.911868
CAT	370148	0.000001	0.042437	0.054757	0.097194	0.902806
CGA	401259	0.002042	0.005623	0.022932	0.030597	0.969403
CTT	61625	0.000000	0.128906	0.000000	0.128906	0.871094
CGC	215174	0.000919	0.085485	0.004828	0.091231	0.908769
GGT	38211	0.000000	0.000000	0.125000	0.125000	0.875000
CCT	103661	0.000000	0.001953	0.250977	0.252930	0.747070
CGG	63121	0.000000	0.000606	0.038444	0.039051	0.960949
CGT	386435	0.000000	0.032833	0.112006	0.144840	0.855160
